
























2.5 0.0 0.13793103448275862
2.5 0.1 0.20720363489798976
2.5 0.2 0.2651076803701278
2.5 0.30000000000000004 0.317171388319724
2.5 0.4 0.365360878376912
2.5 0.5 0.41064116707865916
2.5 0.6000000000000001 0.4535763607868848
2.5 0.7000000000000001 0.4945388595917475
2.5 0.8 0.5337998284740761
2.5 0.9 0.5715739135917053
2.5 1.0 0.60804318038051
2.5 1.1 0.643370366986947
2.5 1.2000000000000002 0.6777061028576441
2.5 1.3 0.711192504371948
2.5 1.4000000000000001 0.743964549427008
2.5 1.5 0.7761501312561709
2.5 1.6 0.8078694098449455
2.5 1.7000000000000002 0.8392338950880742
2.5 1.8 0.8703455581316859
2.5 1.9000000000000001 0.9012961566638888
2.5 2.0 0.9321668704740971
2.5 2.1 0.9630282744862011
2.5 2.2 0.9939406273677858
2.5 2.3000000000000003 1.0249544233049512
2.5 2.4000000000000004 1.056111139837919
2.5 2.5 1.0874441121178995
2.5 2.6 1.1189794696896396
2.5 2.7 1.1507370823920318
2.5 2.8000000000000003 1.1827314743627473
2.5 2.9000000000000004 1.214972677413781
2.5 3.0 1.247467005969817
2.5 3.1 1.280217744719387
2.5 3.2 1.313225746965279
2.5 3.3000000000000003 1.3464899465102507
2.5 3.4000000000000004 1.3800077890654654
2.5 3.5 1.4137755909673233
2.5 3.6 1.4477888337729712
2.5 3.7 1.482042403375468
2.5 3.8000000000000003 1.516530781881794
2.5 3.9000000000000004 1.5512481998202858
2.5 4.0 1.5861887554274863
2.5 4.1000000000000005 1.6213465069043087
2.5 4.2 1.656715542690967
2.5 4.3 1.6922900340273386
2.5 4.4 1.7280642733605478
2.5 4.5 1.7640327015424244
2.5 4.6000000000000005 1.8001899262260666
2.5 4.7 1.8365307334181722
2.5 4.800000000000001 1.8730500937645838
2.5 4.9 1.9097431648320233
2.5 5.0 1.9466052903905497
2.5 5.1000000000000005 1.9836319974904266
2.5 5.2 2.020818991956286
2.5 5.300000000000001 2.0581621527839142
2.5 5.4 2.0956575258148167
2.5 5.5 2.133301316975966
2.5 5.6000000000000005 2.1710898853025924
2.5 5.7 2.2090197359070323
2.5 5.800000000000001 2.2470875130136427
2.5 5.9 2.285289993146254
2.5 6.0 2.3236240785286295
2.5 6.1000000000000005 2.362086790738415
2.5 6.2 2.4006752646397596
2.5 6.300000000000001 2.4393867426082876
2.5 6.4 2.4782185690534386
2.5 6.5 2.5171681852368906
2.5 6.6000000000000005 2.5562331243811918
2.5 6.7 2.595411007059533
2.5 6.800000000000001 2.634699536855439
2.5 6.9 2.674096496279809
2.5 7.0 2.713599742931972
2.5 7.1000000000000005 2.753207205891136
2.5 7.2 2.792916882324621
2.5 7.300000000000001 2.832726834299531
2.5 7.4 2.872635185784953
2.5 7.5 2.9126401198322998
2.5 7.6000000000000005 2.952739875922028
2.5 7.7 2.9929327474656024
2.5 7.800000000000001 3.033217079452248
2.5 7.9 3.0735912662306824
2.5 8.0 3.114053749416674
2.5 8.1 3.1546030159178935
2.5 8.200000000000001 3.195237596068134
2.5 8.3 3.2359560618635133
2.5 8.4 3.276757025293854
2.5 8.5 3.317639136762889
2.5 8.6 3.3586010835914344
2.5 8.700000000000001 3.3996415885981133
2.5 8.8 3.4407594087525837
2.5 8.9 3.48195333389664
2.5 9.0 3.5232221855288675
2.5 9.1 3.5645648156488683
2.5 9.200000000000001 3.605980105657366
2.5 9.3 3.6474669653087624
2.5 9.4 3.6890243317129743
2.5 9.5 3.7306511683836057
2.5 9.600000000000001 3.772346464329723
2.5 9.700000000000001 3.8141092331886908
2.5 9.8 3.855938512397711
2.5 9.9 3.897833362401869
2.5 10.0 3.9397928658966386












































































