

















































5.0 0.0 0.038461538461538464
5.0 0.1 0.07737924127117846
5.0 0.2 0.10850184030633692
5.0 0.30000000000000004 0.13677860873642
5.0 0.4 0.16343349256973738
5.0 0.5 0.18898730590234925
5.0 0.6000000000000001 0.2137172820046369
5.0 0.7000000000000001 0.23779109428985934
5.0 0.8 0.26131897282050875
5.0 0.9 0.2843778039911684
5.0 1.0 0.30702367328653657
5.0 1.1 0.32929898570665417
5.0 1.2000000000000002 0.3512367886605261
5.0 1.3 0.372863541380984
5.0 1.4000000000000001 0.3942009690289072
5.0 1.5 0.41526735012477767
5.0 1.6 0.43607843777394706
5.0 1.7000000000000002 0.4566481349397302
5.0 1.8 0.4769889985266873
5.0 1.9000000000000001 0.4971126202219902
5.0 2.0 0.5170299157310021
5.0 2.1 0.5367513438685245
5.0 2.2 0.5562870704989187
5.0 2.3000000000000003 0.5756470881507907
5.0 2.4000000000000004 0.5948412994231407
5.0 2.5 0.6138795705284632
5.0 2.6 0.6327717601515293
5.0 2.7 0.6515277280224729
5.0 2.8000000000000003 0.6701573270637282
5.0 2.9000000000000004 0.6886703825741134
5.0 3.0 0.7070766615941704
5.0 3.1 0.7253858353118547
5.0 3.2 0.7436074370906247
5.0 3.3000000000000003 0.7617508184188795
5.0 3.4000000000000004 0.7798251047854825
5.0 3.5 0.7978391531818596
5.0 3.6 0.8158015126221156
5.0 3.7 0.8337203887661675
5.0 3.8000000000000003 0.8516036134352996
5.0 3.9000000000000004 0.8694586195327134
5.0 4.0 0.887292421630377
5.0 4.1000000000000005 0.9051116022629275
5.0 4.2 0.9229223037829084
5.0 4.3 0.9407302254806387
5.0 4.4 0.9585406255562539
5.0 4.5 0.9763583274491985
5.0 4.6000000000000005 0.9941877299787791
5.0 4.7 1.0120328207246683
5.0 4.800000000000001 1.0298971920743134
5.0 4.9 1.0477840593808003
5.0 5.0 1.0656962807056019
5.0 5.1000000000000005 1.0836363776618994
5.0 5.2 1.1016065569222482
5.0 5.300000000000001 1.1196087320062342
5.0 5.4 1.137644545016868
5.0 5.5 1.1557153880468016
5.0 5.6000000000000005 1.1738224240254578
5.0 5.7 1.1919666068247272
5.0 5.800000000000001 1.210148700483321
5.0 5.9 1.2283692974477018
5.0 6.0 1.246628835760672
5.0 6.1000000000000005 1.2649276151571325
5.0 6.2 1.2832658120505425
5.0 6.300000000000001 1.3016434934133971
5.0 6.4 1.3200606295710502
5.0 6.5 1.338517105940777
5.0 6.6000000000000005 1.3570127337575655
5.0 6.7 1.3755472598350886
5.0 6.800000000000001 1.3941203754150884
5.0 6.9 1.412731724161309
5.0 7.0 1.431380909355524
5.0 7.1000000000000005 1.450067500353338
5.0 7.2 1.4687910383566476
5.0 7.300000000000001 1.4875510415580622
5.0 7.4 1.5063470097104616
5.0 7.5 1.5251784281723277
5.0 7.6000000000000005 1.5440447714766754
5.0 7.7 1.5629455064684543
5.0 7.800000000000001 1.5818800950522394
5.0 7.9 1.6008479965889828
5.0 8.0 1.6198486699776082
5.0 8.1 1.6388815754543167
5.0 8.200000000000001 1.6579461761396823
5.0 8.3 1.6770419393609672
5.0 8.4 1.6961683377745946
5.0 8.5 1.7153248503113727
5.0 8.6 1.7345109629648965
5.0 8.700000000000001 1.7537261694415411
5.0 8.8 1.772969971688605
5.0 8.9 1.7922418803154696
5.0 9.0 1.8115414149210802
5.0 9.1 1.8308681043396464
5.0 9.200000000000001 1.8502214868151672
5.0 9.3 1.8696011101142314
5.0 9.4 1.8890065315854816
5.0 9.5 1.9084373181731968
5.0 9.600000000000001 1.9278930463915764
5.0 9.700000000000001 1.9473733022655617
5.0 9.8 1.9668776812433313
5.0 9.9 1.9864057880850012
5.0 10.0 NaN



















































