










































































7.5 0.0 0.017467248908296942
7.5 0.1 0.04395084243424452
7.5 0.2 0.06437760773387824
7.5 0.30000000000000004 0.08299244443129972
7.5 0.4 0.10063853066701434
7.5 0.5 0.11765365341597356
7.5 0.6000000000000001 0.13421221357614987
7.5 0.7000000000000001 0.15041777629203557
7.5 0.8 0.1663376152514089
7.5 0.9 0.18201825434718977
7.5 1.0 0.19749338963820762
7.5 1.1 0.21278830847492447
7.5 1.2000000000000002 0.22792252965974735
7.5 1.3 0.24291146855721624
7.5 1.4000000000000001 0.25776753450105816
7.5 1.5 0.272500881020469
7.5 1.6 0.2871199349014937
7.5 1.7000000000000002 0.3016317794132499
7.5 1.8 0.3160424384791425
7.5 1.9000000000000001 0.33035709180734374
7.5 2.0 0.34458024078836913
7.5 2.1 0.35871583855643596
7.5 2.2 0.37276739347165755
7.5 2.3000000000000003 0.38673805254126536
7.5 2.4000000000000004 0.40063066944636705
7.5 2.5 0.41444786056456895
7.5 2.6 0.42819205148420547
7.5 2.7 0.4418655158693894
7.5 2.8000000000000003 0.45547040807634565
7.5 2.9000000000000004 0.46900879058726885
7.5 3.0 0.4824826570823344
7.5 3.1 0.49589395178882834
7.5 3.2 0.5092445856114372
7.5 3.3000000000000003 0.5225364494473446
7.5 3.4000000000000004 0.5357714250151422
7.5 3.5 0.5489513934712231
7.5 3.6 0.5620782420465289
7.5 3.7 0.5751538689066358
7.5 3.8000000000000003 0.5881801864164371
7.5 3.9000000000000004 0.6011591229749806
7.5 4.0 0.6140926235746405
7.5 4.1000000000000005 0.6269826492304735
7.5 4.2 0.6398311754192412
7.5 4.3 0.652640189662411
7.5 4.4 0.6654116883828001
7.5 4.5 0.678147673159976
7.5 4.6000000000000005 0.6908501465046881
7.5 4.7 0.703521107267276
7.5 4.800000000000001 0.7161625457890395
7.5 4.9 0.7287764388988835
7.5 5.0 0.7413647448502156
7.5 5.1000000000000005 0.7539293982850981
7.5 5.2 0.7664723053041578
7.5 5.300000000000001 0.7789953387118764
7.5 5.4 0.7915003334977306
7.5 5.5 0.8039890826044263
7.5 5.6000000000000005 0.8164633330253026
7.5 5.7 0.8289247822640189
7.5 5.800000000000001 0.8413750751810332
7.5 5.9 0.8538158012432451
7.5 6.0 0.8662484921856097
7.5 6.1000000000000005 0.87867462008662
7.5 6.2 0.8910955958533524
7.5 6.300000000000001 0.9035127681063169
7.5 6.4 0.9159274224496734
7.5 6.5 0.9283407811084421
7.5 6.6000000000000005 0.9407540029111654
7.5 6.7 0.9531681835940107
7.5 6.800000000000001 0.9655843564005062
7.5 6.9 0.9780034929499295
7.5 7.0 0.9904265043467404
7.5 7.1000000000000005 1.0028542425033353
7.5 7.2 1.0152875016487064
7.5 7.300000000000001 1.0277270199962687
7.5 7.4 1.040173481545101
7.5 7.5 1.0526275179900804
7.5 7.6000000000000005 1.0650897107178143
7.5 7.7 1.0775605928668313
7.5 7.800000000000001 1.0900406514321577
7.5 7.9 1.1025303293961075
7.5 8.0 1.1150300278688547
7.5 8.1 1.1275401082240593
7.5 8.200000000000001 1.1400608942165094
7.5 8.3 1.1525926740703603
7.5 8.4 1.165135702528091
7.5 8.5 1.1776902028517746
7.5 8.6 1.1902563687696115
7.5 8.700000000000001 1.202834366361952
7.5 8.8 1.2154243358821883
7.5 8.9 1.2280263935089626
7.5 9.0 1.2406406330270925
7.5 9.1 1.2532671274354605
7.5 9.200000000000001 1.2659059304808902
7.5 9.3 1.2785570781176894
7.5 9.4 1.2912205898931162
7.5 9.5 1.3038964702595384
7.5 9.600000000000001 1.3165847098144692
7.5 9.700000000000001 1.3292852864700264
7.5 9.8 1.341998166553656
7.5 9.9 1.3547233058421972
7.5 10.0 1.367460650531556


























