0.0 0.0 1.0
0.0 0.1 1.1051709180756477
0.0 0.2 1.2214027581601699
0.0 0.30000000000000004 1.3498588075760032
0.0 0.4 1.4918246976412703
0.0 0.5 1.6487212707001282
0.0 0.6000000000000001 1.822118800390509
0.0 0.7000000000000001 2.0137527074704766
0.0 0.8 2.225540928492468
0.0 0.9 2.45960311115695
0.0 1.0 2.718281828459045
0.0 1.1 3.0041660239464334
0.0 1.2000000000000002 3.320116922736548
0.0 1.3 3.6692966676192444
0.0 1.4000000000000001 4.055199966844675
0.0 1.5 4.4816890703380645
0.0 1.6 4.953032424395115
0.0 1.7000000000000002 5.473947391727201
0.0 1.8 6.0496474644129465
0.0 1.9000000000000001 6.68589444227927
0.0 2.0 7.38905609893065
0.0 2.1 8.166169912567652
0.0 2.2 9.025013499434122
0.0 2.3000000000000003 9.974182454814724
0.0 2.4000000000000004 11.023176380641605
0.0 2.5 12.182493960703473
0.0 2.6 13.463738035001692
0.0 2.7 14.879731724872837
0.0 2.8000000000000003 16.444646771097055
0.0 2.9000000000000004 18.174145369443067
0.0 3.0 20.085536923187668
0.0 3.1 22.197951281441636
0.0 3.2 24.532530197109352
0.0 3.3000000000000003 27.112638920657893
0.0 3.4000000000000004 29.964100047397025
0.0 3.5 33.11545195869231
0.0 3.6 36.59823444367799
0.0 3.7 40.4473043600674
0.0 3.8000000000000003 44.701184493300836
0.0 3.9000000000000004 49.40244910553019
0.0 4.0 54.598150033144236
0.0 4.1000000000000005 60.340287597362
0.0 4.2 66.68633104092515
0.0 4.3 73.69979369959579
0.0 4.4 81.45086866496814
0.0 4.5 90.01713130052181
0.0 4.6000000000000005 99.48431564193386
0.0 4.7 109.94717245212352
0.0 4.800000000000001 121.51041751873497
0.0 4.9 134.28977968493552
0.0 5.0 148.4131591025766
0.0 5.1000000000000005 164.02190729990184
0.0 5.2 181.27224187515122
0.0 5.300000000000001 200.33680997479183
0.0 5.4 221.40641620418717
0.0 5.5 244.69193226422038
0.0 5.6000000000000005 270.42640742615276
0.0 5.7 298.8674009670603
0.0 5.800000000000001 330.2995599096489
0.0 5.9 365.0374678653289
0.0 6.0 403.4287934927351
0.0 6.1000000000000005 445.85777008251716
0.0 6.2 492.7490410932563
0.0 6.300000000000001 544.5719101259294
0.0 6.4 601.8450378720822
0.0 6.5 665.1416330443618
0.0 6.6000000000000005 735.0951892419732
0.0 6.7 812.4058251675433
0.0 6.800000000000001 897.8472916504184
0.0 6.9 992.2747156050262
0.0 7.0 1096.6331584284585
0.0 7.1000000000000005 1211.9670744925775
0.0 7.2 1339.430764394418
0.0 7.300000000000001 1480.2999275845464
0.0 7.4 1635.984429995927
0.0 7.5 1808.0424144560632
0.0 7.6000000000000005 1998.195895104119
0.0 7.7 2208.347991887209
0.0 7.800000000000001 2440.6019776245007
0.0 7.9 2697.28232826851
0.0 8.0 2980.9579870417283
0.0 8.1 3294.4680752838403
0.0 8.200000000000001 3640.9503073323585
0.0 8.3 4023.872393822313
0.0 8.4 4447.066747699858
0.0 8.5 4914.768840299134
0.0 8.6 5431.659591362978
0.0 8.700000000000001 6002.912217261029
0.0 8.8 6634.24400627789
0.0 8.9 7331.973539155995
0.0 9.0 8103.083927575384
0.0 9.1 8955.292703482508
0.0 9.200000000000001 9897.129058743927
0.0 9.3 10938.019208165191
0.0 9.4 12088.380730216988
0.0 9.5 13359.726829661873
0.0 9.600000000000001 14764.781565577294
0.0 9.700000000000001 16317.60719801545
0.0 9.8 18033.744927828524
0.0 9.9 19930.370438230297
0.0 10.0 22026.465794806718





































































































