




5.0 0.0 0.038461538461538464
5.0 1.0 0.554989619377162630171038062283737025000000
5.0 2.0 0.6340654000000000000000000000000000000000000000000000000000000000000000000000000000000000000000000000000000000000000
5.0 3.0 0.74546120687500000000000000000000000000000000000000000000000000000000000000000000000000000000000000000000000000000000000000000000000000000000000000000000000000000000000000000000000000000000000000000000000000000000000000000000000000000000000000000000000000000000000000000000000
5.0 4.0 0.87086486816406250000000000000000000000000000000000000000000000000000000000000000000000000000000000000000000000000000000000000000000000000000000000000000000000000000000000000000000000000000000000000000000000000000000000000000000000000000000000000000000000000000000000000000000000000000000000000000000000000000000000000000000000000000000000000000000000000000000000000000000000000000000000000000000000000000000000000000000000000
5.0 5.0 1.00000000000000000000000000000000000000000000000000000000000000000000000000000000000000000000000000000000000000000000000000000000000000000000000000000000000000000000000000000000000000000000000000000000000000000000000000000000000000000000000000000000000000000000000000000000000000000000000000000000000000000000000000000000000000000000000000000000000000000000000000000000000000000000000000000000000000000000000000000000000000000000000000000000000000000000000000000000000000000000000000000000000000000
5.0 6.0 -107582068760315570317626558280543636773413722.6148265513384637146391859559994725537429283340302181249691265828172881869583730565653507092945404440440922064866137838898284596290800663850255305269530648470492269523662637245893132441952148369418957595105834180421961394993270418372633496805703635428556304427255632754884932873289010354294366862175448093695758736235219687606895687324823257897367303454862521978518699443627000850360307597227367980730619811391918597516159589375985473528431959742505395430247846989323271520996093750000000000000000000000000000000
5.0 7.0 -32054484263858511079467047805036811634670983022695619278960.553560391565651464356558373572143760934404857560953847255268359573004224892002040823298955313053288790835252625121629804525117840637355351656846287611104861246215414436583216666309158526815462349717149332347020053188615086169877167992490012269149687551798899023423049114654208128002056330817741091770213818347151480962984226213354994455057226433402767006648886316295027659793939632331973641249501849970834588057048147459875152250143153932417062520964991003964269554069772697600000000000000000000000000000000000
5.0 8.0 -3979262093638503715270989413545367433325116660428297352956651296118148377.9713376517817707990650759439508182670603356662748982215052352121558580639491204261264297910131969337044848303440162798096518675205712387124599095386819935257805118155498717443725295394343426511169333900501619335364999096254926312479198934624346096409768454780269394742966844407977732276359089415030643265320208215223347835800395384587214666187385025239011810026507845933598150757723939144747215803013794103214369680274669391694629409337009132112428184227954949705556826893634764800000000000000000000000000000000
5.0 9.0 -369635774588577421189461388116921138376625861272094408201691087515846677351273291629608.6942829775041797881134307190269995694576689636560311287207999586961206261987564258833719874403841896324540102847208964463423921296062731404436878784924233545590260939311881255083427818502891602332410560262498109132638591821632337958076006312357674206662165965884642602997010324670303555981009003242942045291331501966471359191198958015579112315361432788381838534095929941814747198103026717349755050755639481067969769756494462813581826029101584056520955404045445209324742752904151040000000000000000000000000000000
5.0 10.0 -30969193927552279234359704435988095004463311244445445089179312190119910047254508346459765645046983658.167378944694347235345688856918882310297100122558750935376296432603444764143134848210827931475450861368713732932596690500023970486779812604354438493866147532160531759460580861601726200627189169717387905314058676749730836913460997748773613688424399987359169413170024157182121861791648728091566099934975153662005325338120738081757790485501238737320033330112950604395755351257431936832174025899715251486406359308589465600000000000000000000000000000000






