0.0 0.0 1.0 1.0
0.0 0.1 1.1051709180756477 1.1051709180756477
0.0 0.2 1.2214027581601699 1.2214027581601699
0.0 0.30000000000000004 1.3498588075760032 1.3498588075760032
0.0 0.4 1.4918246976412703 1.4918246976412703
0.0 0.5 1.6487212707001282 1.6487212707001282
0.0 0.6000000000000001 1.822118800390509 1.822118800390509
0.0 0.7000000000000001 2.0137527074704766 2.0137527074704766
0.0 0.8 2.225540928492468 2.225540928492468
0.0 0.9 2.45960311115695 2.45960311115695
0.0 1.0 2.718281828459045 2.718281828459045

0.1 0.0 0.9900990099009901 0.9900990099009901
0.1 0.1 1.0471047568598477 1.0471047568598477
0.1 0.2 1.1305477906301142 1.1305477906301142
0.1 0.30000000000000004 1.2311109165728715 1.2311109165728715
0.1 0.4 1.345055113251592 1.345055113251592
0.1 0.5 1.4711567734736115 1.4711567734736115
0.1 0.6000000000000001 1.6093178903533976 1.6093178903533976
0.1 0.7000000000000001 1.7599654865871899 1.7599654865871899
0.1 0.8 1.9237921217082143 1.9237921217082143
0.1 0.9 2.1016418796921883 2.1016418796921883
0.1 1.0 NaN NaN

0.2 0.0 0.9615384615384615 0.9615384615384615
0.2 0.1 1.0046859421708545 1.0046859421708545
0.2 0.2 1.0665162529377712 1.0665162529377712
0.2 0.30000000000000004 1.1446861660686318 1.1446861660686318
0.2 0.4 1.2361611402786 1.2361611402786
0.2 0.5 1.3388903163000423 1.3388903163000423
0.2 0.6000000000000001 1.451787727310181 1.451787727310181
0.2 0.7000000000000001 1.5744161626168447 1.5744161626168447
0.2 0.8 1.7067268972922962 1.7067268972922962
0.2 0.9 1.8488946034076732 1.8488946034076732
0.2 1.0 NaN NaN

0.30000000000000004 0.0 0.9174311926605504 0.9174311926605504
0.30000000000000004 0.1 0.9624097119633985 0.9624097119633985
0.30000000000000004 0.2 1.0147617624813643 1.0147617624813643
0.30000000000000004 0.30000000000000004 1.0782477635574512 1.0782477635574512
0.30000000000000004 0.4 1.1528912002639253 1.1528912002639253
0.30000000000000004 0.5 1.2376189917512943 1.2376189917512943
0.30000000000000004 0.6000000000000001 1.3313678867488612 1.3313678867488612
0.30000000000000004 0.7000000000000001 1.4333870993123594 1.4333870993123594
0.30000000000000004 0.8 1.543236593606598 1.543236593606598
0.30000000000000004 0.9 1.6607082498203072 1.6607082498203072
0.30000000000000004 1.0 NaN NaN

0.4 0.0 0.8620689655172413 0.8620689655172413
0.4 0.1 0.91519772484064 0.91519772484064
0.4 0.2 0.966496987161743 0.966496987161743
0.4 0.30000000000000004 1.0225261316748493 1.0225261316748493
0.4 0.4 1.0859870782163972 1.0859870782163972
0.4 0.5 1.1574535725144992 1.1574535725144992
0.4 0.6000000000000001 1.236612292290351 1.236612292290351
0.4 0.7000000000000001 1.3229257758413882 1.3229257758413882
0.4 0.8 1.4159068267627242 1.4159068267627242
0.4 0.9 1.515195547410559 1.515195547410559
0.4 1.0 NaN NaN

0.5 0.0 0.8 0.8
0.5 0.1 0.8628997422516542 0.8628997422516542
0.5 0.2 0.9177043410029235 0.9177043410029235
0.5 0.30000000000000004 0.971606837289146 0.971606837289146
0.5 0.4 1.0287912664194439 1.0287912664194439
0.5 0.5 1.0912480997934995 1.0912480997934995
0.5 0.6000000000000001 1.159640479312153 1.159640479312153
0.5 0.7000000000000001 1.2339690223774582 1.2339690223774582
0.5 0.8 1.3139777876446068 1.3139777876446068
0.5 0.9 1.3993600649432616 1.3993600649432616
0.5 1.0 NaN NaN

0.6000000000000001 0.0 0.7352941176470588 0.7352941176470588
0.6000000000000001 0.1 0.8073342037237261 0.8073342037237261
0.6000000000000001 0.2 0.8674038659347554 0.8674038659347554
0.6000000000000001 0.30000000000000004 0.9223951574056908 0.9223951574056908
0.6000000000000001 0.4 0.9769662008350968 0.9769662008350968
0.6000000000000001 0.5 1.03395161131261 1.03395161131261
0.6000000000000001 0.6000000000000001 1.094835767586626 1.094835767586626
0.6000000000000001 0.7000000000000001 1.160232256666378 1.160232256666378
0.6000000000000001 0.8 1.230267801116801 1.230267801116801
0.6000000000000001 0.9 1.3048381705341683 1.3048381705341683
0.6000000000000001 1.0 NaN NaN

0.7000000000000001 0.0 0.6711409395973154 0.6711409395973154
0.7000000000000001 0.1 0.7507422906444625 0.7507422906444625
0.7000000000000001 0.2 0.816155752910968 0.816155752910968
0.7000000000000001 0.30000000000000004 0.8737397172022185 0.8737397172022185
0.7000000000000001 0.4 0.9280439556936471 0.9280439556936471
0.7000000000000001 0.5 0.9822131082012175 0.9822131082012175
0.7000000000000001 0.6000000000000001 1.0382379952045713 1.0382379952045713
0.7000000000000001 0.7000000000000001 1.0972369079384339 1.0972369079384339
0.7000000000000001 0.8 1.1597371215904717 1.1597371215904717
0.7000000000000001 0.9 1.2259080242146774 1.2259080242146774
0.7000000000000001 1.0 NaN NaN

0.8 0.0 0.6097560975609756 0.6097560975609756
0.8 0.1 0.6950773079130388 0.6950773079130388
0.8 0.2 0.765062030014122 0.765062030014122
0.8 0.30000000000000004 0.8255956135392544 0.8255956135392544
0.8 0.4 0.8808763990444859 0.8808763990444859
0.8 0.5 0.9340034764177689 0.9340034764177689
0.8 0.6000000000000001 0.9871684589811756 0.9871684589811756
0.8 0.7000000000000001 1.041806891526262 1.041806891526262
0.8 0.8 1.0987700785013486 1.0987700785013486
0.8 0.9 1.158497564010489 1.158497564010489
0.8 1.0 NaN NaN

0.9 0.0 0.5524861878453039 0.5524861878453039
0.9 0.1 0.6417660014709508 0.6417660014709508
0.9 0.2 0.7152223356382275 0.7152223356382275
0.9 0.30000000000000004 0.7784077756449195 0.7784077756449195
0.9 0.4 0.8351216480858819 0.8351216480858819
0.9 0.5 0.8882359809984601 0.8882359809984601
0.9 0.6000000000000001 0.9399226984348237 0.9399226984348237
0.9 0.7000000000000001 0.9917501003101579 0.9917501003101579
0.9 0.8 1.04477588465531 1.04477588465531
0.9 0.9 1.0996551567289008 1.0996551567289008
0.9 1.0 NaN NaN

1.0 0.0 0.5 0.5
1.0 0.1 0.5917072604414109 0.5917072604414109
1.0 0.2 0.667501770114663 0.667501770114663
1.0 0.30000000000000004 0.7327360342522018 0.7327360342522018
1.0 0.4 0.790850466137083 0.790850466137083
1.0 0.5 0.8444284810710774 0.8444284810710774
1.0 0.6000000000000001 0.8954959394611359 0.8954959394611359
1.0 0.7000000000000001 0.9456138307001465 0.9456138307001465
1.0 0.8 0.995930180673168 0.995930180673168
1.0 0.9 1.0472389304215302 1.0472389304215302
1.0 1.0 NaN NaN

