



































































































10.0 0.0 0.009900990099009901
10.0 0.1 0.02989238971640451
10.0 0.2 0.04490135486415503
10.0 0.30000000000000004 0.058609853982100724
10.0 0.4 0.07164651629751795
10.0 0.5 0.08425480654403206
10.0 0.6000000000000001 0.09655829700945961
10.0 0.7000000000000001 0.10862960269002109
10.0 0.8 0.12051556503704552
10.0 0.9 0.1322484248353637
10.0 1.0 0.1438514595474396
10.0 1.1 0.15534210291012962
10.0 1.2000000000000002 0.16673379623917106
10.0 1.3 0.17803714908018775
10.0 1.4000000000000001 0.189260699871989
10.0 1.5 0.20041143308185694
10.0 1.6 0.21149514179549445
10.0 1.7000000000000002 0.22251668874184682
10.0 1.8 0.23348019854547308
10.0 1.9000000000000001 0.24438920219129412
10.0 2.0 0.2552467475242226
10.0 2.1 0.26605548512192234
10.0 2.2 0.2768177359920936
10.0 2.3000000000000003 0.28753554564074224
10.0 2.4000000000000004 0.29821072777284074
10.0 2.5 0.3088449000025586
10.0 2.6 0.3194395133307999
10.0 2.7 0.3299958767067348
10.0 2.8000000000000003 0.34051517767125516
10.0 2.9000000000000004 0.35099849984678855
10.0 3.0 0.3614468378647002
10.0 3.1 0.3718611101915723
10.0 3.2 0.3822421702171206
10.0 3.3000000000000003 0.39259081589109757
10.0 3.4000000000000004 0.4029077981383009
10.0 3.5 0.41319382823548345
10.0 3.6 0.42344958429844826
10.0 3.7 0.4336757169996086
10.0 3.8000000000000003 0.44387285461410175
10.0 3.9000000000000004 0.45404160747488165
10.0 4.0 0.4641825719031163
10.0 4.1000000000000005 0.4742963336689383
10.0 4.2 0.4843834710285695
10.0 4.3 0.4944445573766161
10.0 4.4 0.5044801635465621
10.0 4.5 0.5144908597878997
10.0 4.6000000000000005 0.5244772174446983
10.0 4.7 0.5344398103575574
10.0 4.800000000000001 0.5443792160086554
10.0 4.9 0.5542960164278872
10.0 5.0 0.5641907988767716
10.0 5.1000000000000005 0.5740641563258222
10.0 5.2 0.5839166877403386
10.0 5.300000000000001 0.5937489981890431
10.0 5.4 0.6035616987895869
10.0 5.5 0.6133554065046609
10.0 5.6000000000000005 0.6231307438022224
10.0 5.7 0.6328883381931514
10.0 5.800000000000001 0.6426288216594735
10.0 5.9 0.6523528299861003
10.0 6.0 0.6620610020088136
10.0 6.1000000000000005 0.6717539787909743
10.0 6.2 0.6814324027411369
10.0 6.300000000000001 0.6910969166833882
10.0 6.4 0.7007481628918364
10.0 6.5 0.7103867821001983
10.0 6.6000000000000005 0.720013412496924
10.0 6.7 0.7296286887157215
10.0 6.800000000000001 0.7392332408307334
10.0 6.9 0.7488276933649589
10.0 7.0 0.7584126643198219
10.0 7.1000000000000005 0.7679887642330776
10.0 7.2 0.7775565952715071
10.0 7.300000000000001 0.7871167503641154
10.0 7.4 0.7966698123807952
10.0 7.5 0.8062163533606863
10.0 7.6000000000000005 0.8157569337937298
10.0 7.7 0.825292101958214
10.0 7.800000000000001 0.8348223933164276
10.0 7.9 0.8443483299698917
10.0 8.0 0.8538704201750245
10.0 8.1 0.8633891579195321
10.0 8.200000000000001 0.8729050225592814
10.0 8.3 0.882418478514936
10.0 8.4 0.8919299750271981
10.0 8.5 0.901439945969114
10.0 8.6 0.9109488097135607
10.0 8.700000000000001 0.920456969053737
10.0 8.8 0.9299648111742385
10.0 8.9 0.9394727076700946
10.0 9.0 0.9489810146109807
10.0 9.1 0.958490072647703
10.0 9.200000000000001 0.9680002071579703
10.0 9.3 0.9775117284284152
10.0 9.4 0.9870249318698143
10.0 9.5 0.9965400982624639
10.0 9.600000000000001 1.0060574940287084
10.0 9.700000000000001 1.0155773715296736
10.0 9.8 1.0250999693833402
10.0 9.9 1.0346255128011776
10.0 10.0 1.0441542139406823

