0.003125;1.0031302960773303;1.003129887902739;4.081745912376533E-7
0.004687500000000001;1.004698912327342;1.004698503514398;4.088129439416832E-7
0.00625;1.0062699814560006;1.006269572003762;4.094522385589272E-7
0.0078125;1.0078435072988867;1.007843097206448;4.100924386740701E-7
0.009375;1.009419493697763;1.009419082964071;4.107336919467741E-7
0.0109375;1.0109979445002892;1.0109975331242536;4.1137603568053294E-7
0.012499999999999999;1.012578863559952;1.0125784515406344;4.1201931755274757E-7
0.014062499999999999;1.0141622547364193;1.0141618420728784;4.126635408940871E-7
0.015624999999999998;1.015748121895541;1.0157477085866857;4.133088553626152E-7
0.017187499999999998;1.0173364689089937;1.017336054953802;4.1395519168041517E-7
0.01875;1.0189272996544219;1.0189268850520263;4.146023955264866E-7
0.0203125;1.0205206180160076;1.020520202765222;4.152507855348375E-7
0.021875000000000002;1.022116427883475;1.0221160119833264;4.1590014854264723E-7
0.023437500000000003;1.0237147331528007;1.023714316602358;4.1655044280553E-7
0.025000000000000005;1.0253155377262857;1.0253151205244289;4.172018568393554E-7
0.026562500000000006;1.026918845511986;1.0269184276577525;4.1785423343654315E-7
0.028125000000000008;1.0285246604242815;1.0285242419166538;4.185076276641553E-7
0.02968750000000001;1.0301329863836628;1.0301325672215784;4.1916208437520197E-7
0.03125000000000001;1.031743827316589;1.0317434074991028;4.1981748633013183E-7
0.03281250000000001;1.0333571871559144;1.0333567666819428;4.204739716406891E-7
0.03437500000000001;1.0349730698405324;1.034972648708965;4.2113156739631563E-7
0.03593750000000001;1.0365914793152342;1.0365910575251944;4.217900397840424E-7
0.03750000000000001;1.038212419531419;1.038211997081825;4.2244959397308435E-7
0.039062500000000014;1.0398358944463837;1.03983547133623;4.231101535800974E-7
0.040625000000000015;1.0414619080237486;1.04146148425197;4.237717785571249E-7
0.04218750000000002;1.043090464233316;1.0430900397988043;4.2443451175877556E-7
0.04375000000000002;1.044721567050857;1.0447211419526992;4.2509815778579707E-7
0.04531250000000002;1.04635522045875;1.0463547946958383;4.2576291181539716E-7
0.04687500000000002;1.0479914284453429;1.0479910020166328;4.264287101207742E-7
0.04843750000000002;1.0496301950052356;1.04962976790973;4.27095505628472E-7
0.050000000000000024;1.0512715241393522;1.0512710963760241;4.2776332809246753E-7
0.051562500000000025;1.0529154198549406;1.0529149914226654;4.28432275212387E-7
0.053125000000000026;1.0545618861652883;1.0545614570630708;4.291022175362258E-7
0.05468750000000003;1.0562109270900777;1.056210497316932;4.2977314573811043E-7
0.05625000000000003;1.057862546655528;1.0578621162102273;4.304453007364373E-7
0.05781250000000003;1.0595167488936141;1.0595163177752305;4.311183836591681E-7
0.05937500000000003;1.0611735378429898;1.0611731060505198;4.317924700014686E-7
0.06093750000000003;1.062832917548704;1.0628324850809898;4.3246771408433915E-7
0.06250000000000003;1.0644948920617736;1.0644944589178595;4.331439140692339E-7
0.06406250000000002;1.0661594654398954;1.0661590316186829;4.3382121250878924E-7
0.06562500000000002;1.0678266417470184;1.0678262072473592;4.3449965914099664E-7
0.06718750000000001;1.0694964250532735;1.0694959898741423;4.351791311751896E-7
0.06875;1.0711688194352575;1.0711683835756507;4.358596068509968E-7
0.0703125;1.0728438289760334;1.0728433924348775;4.365411558904242E-7
0.071875;1.0745214577649875;1.0745210205412008;4.372237867311668E-7
0.07343749999999999;1.0762017098978305;1.076201271990393;4.379074374227798E-7
0.07499999999999998;1.0778845894768097;1.0778841508846315;4.385921781313584E-7
0.07656249999999998;1.0795701006105674;1.079569661332508;4.392780592610279E-7
0.07812499999999997;1.0812582474140697;1.0812578074490395;4.399650301856184E-7
0.07968749999999997;1.0829490340086778;1.082948593355677;4.4065300075502023E-7
0.08124999999999996;1.0846424645222896;1.0846420231803167;4.413419729676349E-7
0.08281249999999996;1.0863385430894112;1.0863381010573092;4.420321020326412E-7
0.08437499999999995;1.0880372738508726;1.088036831127471;4.427234014947601E-7
0.08593749999999994;1.0897386609537563;1.0897382175380932;4.434156630761521E-7
0.08749999999999994;1.0914427085519662;1.0914422644429516;4.441090146745097E-7
0.08906249999999993;1.0931494208058723;1.093148976002318;4.4480355421150364E-7
0.09062499999999993;1.094858801882026;1.09485835638297;4.454990560898153E-7
0.09218749999999992;1.0965708559538712;1.0965704097581994;4.461956717438653E-7
0.09374999999999992;1.0982855872012465;1.0982851403078258;4.4689342071357885E-7
0.09531249999999991;1.1000029998104566;1.1000025522182033;4.475922532609644E-7
0.0968749999999999;1.1017230979744141;1.1017226496822334;4.4829218071029686E-7
0.0984374999999999;1.1034458858924978;1.1034454368993734;4.4899312445778605E-7
0.0999999999999999;1.1051713677709074;1.1051709180756475;4.496952599186699E-7
0.10156249999999989;1.1068995478220955;1.1068990974236574;4.5039843810101843E-7
0.10312499999999988;1.108630430265336;1.1086299791625915;4.511027444920046E-7
0.10468749999999988;1.1103640193263686;1.1103635675182366;4.5180813201817216E-7
0.10624999999999987;1.1121003192376122;1.1120998667229864;4.5251462577056145E-7
0.10781249999999987;1.1138393342381647;1.1138388810158542;4.5322231057021156E-7
0.10937499999999986;1.115581068573448;1.1155806146424807;4.5393096725909743E-7
0.11093749999999986;1.117325526495918;1.1173250718551462;4.5464077191859076E-7
0.11249999999999985;1.1190727122644972;1.1190722569127804;4.553517167771304E-7
0.11406249999999984;1.1208226301447155;1.1208221740809727;4.560637427708514E-7
0.11562499999999984;1.1225752844089243;1.1225748276319827;4.567769416041756E-7
0.11718749999999983;1.1243306793359409;1.1243302218447506;4.574911902643919E-7
0.11874999999999983;1.1260888192114749;1.1260883610049075;4.582065673552904E-7
0.12031249999999982;1.1278497083278438;1.1278492494047865;4.5892305733374883E-7
0.12187499999999982;1.1296133509841155;1.129612891343432;4.5964068351445064E-7
0.12343749999999981;1.131379751486108;1.1313792911266118;4.6035949607947657E-7
0.1249999999999998;1.133148914146176;1.133148453066826;4.61079349811655E-7
0.1265624999999998;1.1349208432836377;1.1349203814833186;4.6180031909592856E-7
0.1281249999999998;1.1366955432245618;1.1366950807020875;4.6252247432043703E-7
0.1296874999999998;1.1384730183016245;1.1384725550558954;4.632457291098291E-7
0.13124999999999978;1.1402532728543946;1.14025280888428;4.639701145503494E-7
0.13281249999999978;1.142036311229191;1.1420358465335654;4.646956255349721E-7
0.13437499999999977;1.1438221377791535;1.1438216723568713;4.6542228226975624E-7
0.13593749999999977;1.1456107568642437;1.1456102907141252;4.661501185054817E-7
0.13749999999999976;1.1474021728510309;1.147401705972072;4.6687895882691066E-7
0.13906249999999976;1.1491963901133317;1.1491959225042847;4.676090470390193E-7
0.14062499999999975;1.1509934130315003;1.1509929446911762;4.683403240779427E-7
0.14218749999999974;1.1527932459926404;1.1527927769200081;4.6907263229201135E-7
0.14374999999999974;1.1545958933910327;1.1545954235849032;4.698061295549394E-7
0.14531249999999973;1.1564013596276368;1.1564008890868551;4.7054078167185764E-7
0.14687499999999973;1.1582096491103044;1.1582091778337396;4.712765648839934E-7
0.14843749999999972;1.1600207662538509;1.1600202942403248;4.7201352604275826E-7
0.14999999999999972;1.1618347154799125;1.1618342427282828;4.7275162962101547E-7
0.1515624999999997;1.163651501217089;1.1636510277261995;4.734908893855305E-7
0.1531249999999997;1.1654711279008723;1.1654706536695862;4.742312860184228E-7
0.1546874999999997;1.1672935999737177;1.1672931250008898;4.7497282795738727E-7
0.1562499999999997;1.169118921885044;1.169118446169504;4.757155398493751E-7
0.1578124999999997;1.1709470980912329;1.1709466216317805;4.7645945233654174E-7
0.15937499999999968;1.1727781330555587;1.1727776558510392;4.77204519455654E-7
0.16093749999999968;1.1746120312482589;1.1746115532975792;4.779506797003563E-7
0.16249999999999967;1.1764487971467474;1.17644831844869;4.786980574156274E-7
0.16406249999999967;1.1782884352353307;1.1782879557886627;4.794466679225451E-7
0.16562499999999966;1.180130950005207;1.1801304698088004;4.801964066381004E-7
0.16718749999999966;1.1819763459546806;1.181975865007429;4.809472515798774E-7
0.16874999999999965;1.1838246275892317;1.1838241458899088;4.816993228740074E-7
0.17031249999999964;1.185675799421233;1.1856753169686454;4.824525876578889E-7
0.17187499999999964;1.1875298659700917;1.1875293827631002;4.832069915305937E-7
0.17343749999999963;1.1893868317623912;1.189386347799802;4.839625893371391E-7
0.17499999999999963;1.1912467013317496;1.1912462166123576;4.847193919577109E-7
0.17656249999999962;1.193109479218819;1.1931089937414636;4.854773554274772E-7
0.17812499999999962;1.1949751699714284;1.1949746837349164;4.862365119429057E-7
0.1796874999999996;1.1968437781444408;1.1968432911476243;4.869968164289418E-7
0.1812499999999996;1.1987153082999669;1.1987148205416178;4.877583490436876E-7
0.1828124999999996;1.2005897650071518;1.2005892764860617;4.885210900251735E-7
0.1843749999999996;1.202467152842246;1.2024666635572652;4.892849807536237E-7
0.1859374999999996;1.2043474763888184;1.2043469863386937;4.900501247018241E-7
0.18749999999999958;1.2062307402374017;1.2062302494209802;4.908164215056132E-7
0.18906249999999958;1.2081169489858468;1.2081164574019356;4.9158391113302E-7
0.19062499999999957;1.210006107239181;1.210005614886561;4.923526200073525E-7
0.19218749999999957;1.2118982196095374;1.211897726487058;4.93122479294783E-7
0.19374999999999956;1.2137932907164384;1.2137927968228408;4.938935975751235E-7
0.19531249999999956;1.215691325186441;1.215690830520547;4.946658940241377E-7
0.19687499999999955;1.2175923276534917;1.2175918322140484;4.95439443248813E-7
0.19843749999999954;1.2194963027586425;1.219495806544464;4.962141784137231E-7
0.19999999999999954;1.221403255150264;1.2214027581601692;4.969900948559314E-7
0.20156249999999953;1.2233131894841165;1.2233126917168087;4.977673078165878E-7
0.20312499999999953;1.2252261104229234;1.225225611877307;4.98545616345325E-7
0.20468749999999952;1.2271420226370822;1.2271415233118803;4.993252018525851E-7
0.20624999999999952;1.2290609308040956;1.229060430698048;5.001060476850228E-7
0.2078124999999995;1.2309828396087141;1.230982338720643;5.008880710200003E-7
0.2093749999999995;1.2329077537431488;1.2329072520718252;5.016713235939108E-7
0.2109374999999995;1.234835677906858;1.2348351754510904;5.024557676591712E-7
0.2124999999999995;1.2367666168067615;1.236766113565284;5.032414773786797E-7
0.2140624999999995;1.2387005751570257;1.2387000711286116;5.040284141166751E-7
0.21562499999999948;1.2406375576792072;1.2406370528626498;5.048165574450536E-7
0.21718749999999948;1.2425775691023233;1.242577063496359;5.056059642072341E-7
0.21874999999999947;1.2445206141626386;1.2445201077660946;5.063965440310625E-7
0.22031249999999947;1.2464666976040206;1.2464661904156173;5.071884032759044E-7
0.22187499999999946;1.2484158241776555;1.2484153161961071;5.079815483810535E-7
0.22343749999999946;1.250367998642119;1.2503674898661725;5.087759464839081E-7
0.22499999999999945;1.2523232257633765;1.2523227161918637;5.095715127634293E-7
0.22656249999999944;1.2542815103149252;1.254280999946683;5.10368242112591E-7
0.22812499999999944;1.256242857077936;1.256242345911598;5.111663381462961E-7
0.22968749999999943;1.2582072708407566;1.2582067588750516;5.119657049412751E-7
0.23124999999999943;1.260174756399266;1.2601742436329753;5.127662907611352E-7
0.23281249999999942;1.2621453185569464;1.2621448049887993;5.135681471202247E-7
0.23437499999999942;1.2641189621246696;1.2641184477534657;5.143712038524484E-7
0.2359374999999994;1.2660956919209099;1.266095176745439;5.151754709498135E-7
0.2374999999999994;1.2680755127718157;1.2680749967907186;5.159810971822054E-7
0.2390624999999994;1.270058429510783;1.2700579127228508;5.167879322254265E-7
0.2406249999999994;1.2720444469789527;1.2720439293829398;5.175960129388812E-7
0.2421874999999994;1.2740335700251393;1.27403305161966;5.184054792106707E-7
0.24374999999999938;1.276025803505334;1.2760252842892683;5.19216065697492E-7
0.24531249999999938;1.2780211522835572;1.2780206322556142;5.200279429296017E-7
0.24687499999999937;1.2800196212313608;1.2800191003901544;5.2084120638618E-7
0.24843749999999937;1.2820212152276156;1.2820206935719622;5.216556533405026E-7
0.24999999999999936;1.2840259391590791;1.2840254166877407;5.224713384155422E-7
0.25156249999999936;1.286033797920183;1.2860332746318344;5.23288348652784E-7
0.2531249999999994;1.2880447964128905;1.2880442723062413;5.24106649191225E-7
0.2546874999999994;1.2900589395467676;1.2900584146206246;5.249261429973728E-7
0.2562499999999994;1.2920762322393387;1.292075706492325;5.257470137021159E-7
0.25781249999999944;1.2940966794155884;1.2940961528463726;5.2656921578631E-7
0.25937499999999947;1.2961202860080334;1.2961197586154987;5.273925347548669E-7
0.2609374999999995;1.2981470569573617;1.2981465287401477;5.282172139686736E-7
0.2624999999999995;1.3001769972117927;1.3001764681684904;5.290433022775431E-7
0.26406249999999953;1.3022101117269358;1.3022095818564345;5.298705012535265E-7
0.26562499999999956;1.3042464054667136;1.304245874767637;5.306990764619712E-7
0.2671874999999996;1.3062858834025093;1.306285351873518;5.315289912655174E-7
0.2687499999999996;1.3083285505133802;1.30832801815327;5.323601102169562E-7
0.2703124999999996;1.3103744117864835;1.3103738785938723;5.33192611174016E-7
0.27187499999999964;1.3124234722164374;1.3124229381901027;5.340263347086704E-7
0.27343749999999967;1.31447573680596;1.3144752019445487;5.348614113831474E-7
0.2749999999999997;1.3165312105653726;1.3165306748676213;5.356977512693817E-7
0.2765624999999997;1.318589898513025;1.3185893619775655;5.365354596165162E-7
0.27812499999999973;1.3206518056749417;1.3206512683004745;5.373744671466341E-7
0.27968749999999976;1.3227169370850334;1.3227163988702997;5.382147336696619E-7
0.2812499999999998;1.3247852977853114;1.3247847587288653;5.39056446147157E-7
0.2828124999999998;1.3268568928251767;1.3268563529258788;5.398992979355199E-7
0.2843749999999998;1.3289317272624857;1.328931186518944;5.407435417215112E-7
0.28593749999999984;1.3310098061627684;1.331009264573574;5.415891943805207E-7
0.28749999999999987;1.3330911345992291;1.3330905921632026;5.424360265404715E-7
0.2890624999999999;1.3351757176534562;1.3351751743691966;5.432842595798348E-7
0.2906249999999999;1.337263560414641;1.3372630162808696;5.441337713740779E-7
0.29218749999999993;1.339354667980146;1.3393541229954924;5.449846536276226E-7
0.29374999999999996;1.3414490454552208;1.3414484996183076;5.458369132238516E-7
0.2953125;1.343546697952931;1.34354615126254;5.466903909567833E-7
0.296875;1.3456476305947263;1.3456470830494105;5.475453157544052E-7
0.2984375;1.3477518485096596;1.3477513001081485;5.484015110912566E-7
0.30000000000000004;1.349859356835026;1.3498588075760032;5.492590227085259E-7
0.30156250000000007;1.3519701607161494;1.351969610598258;5.501178914624205E-7
0.3031250000000001;1.3540842653063834;1.3540837143282412;5.509781422219362E-7
0.3046875000000001;1.3562016757671103;1.3562011239273404;5.51839769880047E-7
0.30625000000000013;1.3583223972676706;1.3583218445650134;5.527026571972016E-7
0.30781250000000016;1.3604464349857182;1.3604458814188019;5.535669163059254E-7
0.3093750000000002;1.362573794106936;1.3625732396743437;5.544325922812732E-7
0.3109375000000002;1.3647044798249652;1.364703924525386;5.552995792079685E-7
0.3125000000000002;1.366838497341618;1.3668379411737968;5.561678213528154E-7
0.31406250000000024;1.3689758518670914;1.3689752948295786;5.570375127827987E-7
0.31562500000000027;1.3711165486195398;1.3711159907108814;5.579086583828996E-7
0.3171875000000003;1.3732605928250763;1.3732600340440146;5.587810616436428E-7
0.3187500000000003;1.3754079897182692;1.3754074300634598;5.596548093844689E-7
0.32031250000000033;1.377558744541787;1.3775581840118842;5.605299027156008E-7
0.32187500000000036;1.3797128625466115;1.3797123011401529;5.614064586545453E-7
0.3234375000000004;1.3818703489916828;1.3818697867073424;5.622843404218258E-7
0.3250000000000004;1.3840312091443252;1.3840306459807519;5.631635733305274E-7
0.3265625000000004;1.3861954482801764;1.3861948842359184;5.640442579668559E-7
0.32812500000000044;1.3883630716828321;1.3883625067566274;5.649262047047188E-7
0.32968750000000047;1.3905340846445569;1.3905335188349273;5.658096295935167E-7
0.3312500000000005;1.392708492465573;1.3927079257711417;5.666944313809097E-7
0.3328125000000005;1.3948863004544165;1.3948857328738822;5.675805343496876E-7
0.33437500000000053;1.3970675139281497;1.3970669454600617;5.684680879358694E-7
0.33593750000000056;1.399252138211935;1.3992515688549076;5.693570273024307E-7
0.3375000000000006;1.4014401786393194;1.401439608391974;5.702473453439438E-7
0.3390625000000006;1.4036316405521632;1.4036310694131555;5.711390076434952E-7
0.3406250000000006;1.4058265293007821;1.4058259572686995;5.720320825908232E-7
0.34218750000000064;1.4080248502438764;1.4080242773172205;5.729266558951451E-7
0.34375000000000067;1.4102266087482462;1.4102260349257116;5.738225345996995E-7
0.3453125000000007;1.4124318101893607;1.4124312354695587;5.74719801971213E-7
0.3468750000000007;1.4146404599510731;1.4146398843325534;5.756185197380859E-7
0.34843750000000073;1.4168525634255502;1.4168519869069058;5.765186443795756E-7
0.35000000000000075;1.4190681260134141;1.4190675485932582;5.774201559116676E-7
0.3515625000000008;1.4212871531238136;1.4212865748006978;5.783231158407176E-7
0.3531250000000008;1.4235096501742106;1.4235090709467701;5.792274404559095E-7
0.3546875000000008;1.4257356225906648;1.4257350424574922;5.801331726118519E-7
0.35625000000000084;1.4279650758076912;1.427964494767366;5.810403251871321E-7
0.35781250000000087;1.4301980152682603;1.4301974333193912;5.819488690939068E-7
0.3593750000000009;1.4324344464240113;1.4324338635650793;5.828589320078237E-7
0.3609375000000009;1.4346743747348256;1.4346737909644662;5.837703593858379E-7
0.36250000000000093;1.4369178056693244;1.4369172209861256;5.846831987454948E-7
0.36406250000000095;1.4391647447047262;1.4391641591071829;5.855975433455285E-7
0.365625000000001;1.4414151973265632;1.441414610813328;5.865132353122249E-7
0.367187500000001;1.443669169029107;1.4436685815988284;5.874302786423868E-7
0.368750000000001;1.4459266653154401;1.4459260769665438;5.883488962687977E-7
0.37031250000000104;1.4481876916968872;1.4481871024279391;5.892689480813118E-7
0.37187500000000107;1.4504522536935127;1.4504516635030966;5.901904160943161E-7
0.3734375000000011;1.4527203568340497;1.4527197657207314;5.911133182934236E-7
0.3750000000000011;1.4549920066557576;1.454991414618203;5.920375545365175E-7
0.37656250000000113;1.4572672087049199;1.4572666157415306;5.929633892787223E-7
0.37812500000000115;1.4595459685360623;1.459545374645406;5.938906564306734E-7
0.3796875000000012;1.4618282917125214;1.4618276968932058;5.948193155802528E-7
0.3812500000000012;1.4641141838064442;1.4641135880570075;5.95749436671511E-7
0.3828125000000012;1.4664036503985756;1.466403053717601;5.966809746293933E-7
0.38437500000000124;1.468696697078542;1.468696099464503;5.976140389218898E-7
0.38593750000000127;1.4709933294445676;1.4709927308959714;5.985485962423098E-7
0.3875000000000013;1.4732935531035452;1.4732929536190174;5.994845277967897E-7
0.3890625000000013;1.4755973736713912;1.47559677324942;6.004219712529846E-7
0.39062500000000133;1.47790479677262;1.4779041954117405;6.013608795374381E-7
0.39218750000000135;1.4802158280405564;1.4802152257393344;6.023012220079949E-7
0.3937500000000014;1.4825304731174072;1.4825298698743672;6.032430399649513E-7
0.3953125000000014;1.4848487376541186;1.4848481334678263;6.041862923300556E-7
0.3968750000000014;1.487170627310661;1.4871700221795363;6.051311247645685E-7
0.39843750000000144;1.4894961477556024;1.489495541678172;6.060774302429905E-7
0.40000000000000147;1.491825304666392;1.4918246976412726;6.070251195033904E-7
0.4015625000000015;1.4941581037295748;1.4941574957552546;6.079743202214161E-7
0.4031250000000015;1.4964945506405058;1.4964939417154275;6.089250783603006E-7
0.40468750000000153;1.4988346511032091;1.4988340412260062;6.098772029616839E-7
0.40625000000000155;1.5011784108310167;1.501177800000125;6.108308916452643E-7
0.4078125000000016;1.5035258355459291;1.503525223759853;6.117860760213034E-7
0.4093750000000016;1.5058769309789;1.505876318236206;6.12742693917312E-7
0.4109375000000016;1.5082317028700487;1.5082310891691622;6.137008865536586E-7
0.41250000000000164;1.5105901569682345;1.510589542307675;6.146605595613863E-7
0.41406250000000167;1.5129522990314115;1.5129516834096879;6.156217235986361E-7
0.4156250000000017;1.5153181348265576;1.515317518242148;6.16584409529608E-7
0.4171875000000017;1.5176876701296038;1.5176870525810209;6.175485829373883E-7
0.41875000000000173;1.5200609107255048;1.5200602922113031;6.185142016335021E-7
0.42031250000000175;1.5224378624083812;1.522437242927038;6.194813431115165E-7
0.4218750000000018;1.5248185309814488;1.5248179105313293;6.204501195039569E-7
0.4234375000000018;1.527202922256663;1.527202300836355;6.2142030787804E-7
0.4250000000000018;1.5295910420553582;1.5295904196633814;6.223919768455488E-7
0.42656250000000184;1.5319828962081061;1.531982272842778;6.233653280229845E-7
0.42812500000000187;1.5343784905540758;1.5343778662140317;6.243400441086067E-7
0.4296875000000019;1.5367778309420999;1.5367772056257596;6.253163402636375E-7
0.4312500000000019;1.5391809232298925;1.5391802969357258;6.262941667500854E-7
0.43281250000000193;1.5415877732843342;1.541587146010853;6.27273481157431E-7
0.43437500000000195;1.5439983869816842;1.5439977587272393;6.282544449121019E-7
0.435937500000002;1.546412770207013;1.5464121409701708;6.292368421867423E-7
0.437500000000002;1.5488309288549118;1.5488302986341362;6.302207755659595E-7
0.439062500000002;1.5512528688290672;1.5512522376228424;6.312062248436945E-7
0.44062500000000204;1.5536785960424737;1.553677963849227;6.321932466413216E-7
0.44218750000000207;1.556108116417363;1.556107483235475;6.331818878102524E-7
0.4437500000000021;1.5585414358849903;1.5585408017130313;6.34171958946439E-7
0.4453125000000021;1.5609785603862036;1.5609779252226157;6.351635879475737E-7
0.44687500000000213;1.5634194958710879;1.5634188597142382;6.361568496426884E-7
0.44843750000000215;1.5658642482988938;1.5658636111472128;6.371516809711153E-7
0.4500000000000022;1.5683128236381805;1.5683121854901723;6.381480082140456E-7
0.4515625000000022;1.570765227866886;1.5707645887210822;6.391458038379483E-7
0.4531250000000022;1.5732214669725408;1.5732208268272563;6.401452845583577E-7
0.45468750000000224;1.5756815469516994;1.5756809058053713;6.411463280286966E-7
0.45625000000000226;1.5781454738103662;1.5781448316614803;6.421488858432411E-7
0.4578125000000023;1.5806132535640671;1.5806126104110287;6.431530383821382E-7
0.4593750000000023;1.583084892237565;1.583084248078868;6.441586970495905E-7
0.46093750000000233;1.5855603958652864;1.5855597506992711;6.4516601527842E-7
0.46250000000000235;1.5880397704908233;1.588039124315947;6.461748762731645E-7
0.4640625000000024;1.5905230221673605;1.590522374982055;6.471853055689536E-7
0.4656250000000024;1.5930101569575328;1.59300950876022;6.481973127137053E-7
0.4671875000000024;1.5955011809334962;1.5955005317225472;6.492109489997233E-7
0.46875000000000244;1.5979961001767862;1.5979954499506372;6.502261489238492E-7
0.47031250000000246;1.6004949207784591;1.6004942695355997;6.512428594174224E-7
0.4718750000000025;1.602997648839306;1.60299699657807;6.52261236133711E-7
0.4734375000000025;1.605504290469426;1.6055036371882225;6.532812035775493E-7
0.47500000000000253;1.6080148517885817;1.608014197485787;6.543027948335833E-7
0.47656250000000255;1.6105293389259856;1.6105286836000619;6.553259237485065E-7
0.4781250000000026;1.6130477580205849;1.6130471016699306;6.56350654271165E-7
0.4796875000000026;1.615570115220848;1.6155694578438762;6.573769717466149E-7
0.4812500000000026;1.6180964166849066;1.6180957582799957;6.584049108138146E-7
0.48281250000000264;1.620626668580556;1.6206260091460165;6.594345394184131E-7
0.48437500000000266;1.6231608770850414;1.62316021661931;6.604657314390749E-7
0.4859375000000027;1.6256990483853428;1.6256983868869073;6.614984355834963E-7
0.4875000000000027;1.6282411886783166;1.6282405261455142;6.625328023979193E-7
0.48906250000000273;1.6307873041704113;1.630786640601527;6.635688842848708E-7
0.49062500000000275;1.633337401077597;1.6333367364710467;6.646065502380338E-7
0.4921875000000028;1.63589148562572;1.6358908199798945;6.656458255704933E-7
0.4937500000000028;1.6384495640502905;1.638448897363627;6.666866634308377E-7
0.4953125000000028;1.6410116425966947;1.6410109748675517;6.677291430889909E-7
0.49687500000000284;1.6435777275200536;1.6435770587467418;6.687733118404537E-7
0.49843750000000286;1.6461478250851513;1.6461471552660518;6.698190995191311E-7
0.5000000000000029;1.6487219415666488;1.6487212707001329;6.708665158949856E-7
0.5015625000000029;1.6513000832490121;1.6512994113334476;6.719155645207309E-7
0.5031250000000029;1.6538822564265132;1.653881583460286;6.729662271887094E-7
0.504687500000003;1.6564684674033714;1.6564677933847805;6.740185909404062E-7
0.506250000000003;1.6590587224935405;1.6590580474209216;6.750726189164169E-7
0.507812500000003;1.6616530280207797;1.6616523518925728;6.761282069778218E-7
0.509375000000003;1.6642513903189382;1.6642507131334865;6.771854517140241E-7
0.510937500000003;1.6668538157316704;1.6668531374873194;6.782443509045777E-7
0.5125000000000031;1.6694603106125783;1.669459631307648;6.793049303066567E-7
0.5140625000000031;1.6720708813252116;1.6720702009579838;6.803672278898887E-7
0.5156250000000031;1.6746855342429257;1.6746848528117892;6.814311364067294E-7
0.5171875000000031;1.6773042757491652;1.677303593252493;6.824966722884795E-7
0.5187500000000032;1.6799271122373938;1.6799264286735054;6.835638883817552E-7
0.5203125000000032;1.6825540501110225;1.6825533654782348;6.846327877951808E-7
0.5218750000000032;1.6851850957835524;1.6851844100801023;6.857034500207249E-7
0.5234375000000032;1.6878202556782185;1.6878195689025584;6.867756601192099E-7
0.5250000000000032;1.69045953622863;1.6904588483790968;6.878495333317858E-7
0.5265625000000033;1.6931029438784861;1.6931022549532728;6.88925213321312E-7
0.5281250000000033;1.69575048508122;1.695749795078717;6.900025029121792E-7
0.5296875000000033;1.6984021663005677;1.6984014752191516;6.910814160931977E-7
0.5312500000000033;1.7010579940104975;1.7010573018484063;6.921620911981563E-7
0.5328125000000034;1.703717974694925;1.7037172814504344;6.932444904794721E-7
0.5343750000000034;1.7063821148477842;1.706381420519328;6.943284562854757E-7
0.5359375000000034;1.7090504209735258;1.7090497255593338;6.954141920090251E-7
0.5375000000000034;1.7117228995865474;1.7117222030848702;6.965016772220167E-7
0.5390625000000034;1.7143995572113369;1.7143988596205417;6.975907951289884E-7
0.5406250000000035;1.7170804003827556;1.7170797017011556;6.986815999088236E-7
0.5421875000000035;1.719765435645897;1.7197647358717378;6.997741590630824E-7
0.5437500000000035;1.722454669556015;1.722453968687549;7.008684659304265E-7
0.5453125000000035;1.7251481086785247;1.7251474067141004;7.019644243655421E-7
0.5468750000000036;1.727845759589215;1.7278450565271695;7.030620454706593E-7
0.5484375000000036;1.7305476288742483;1.7305469247128167;7.041614316083411E-7
0.5500000000000036;1.7332537231299483;1.7332530178674015;7.052625468073614E-7
0.5515625000000036;1.7359640489630124;1.7359633425975978;7.063654146044485E-7
0.5531250000000036;1.7386786129903697;1.738677905520411;7.074699588383027E-7
0.5546875000000037;1.7413974218393946;1.7413967132631927;7.085762019354291E-7
0.5562500000000037;1.7441204821479772;1.744119772463659;7.096843182008428E-7
0.5578125000000037;1.7468478005639554;1.746847089769905;7.107940502848464E-7
0.5593750000000037;1.7495793837458962;1.7495786718404214;7.119054747928288E-7
0.5609375000000038;1.7523152383628116;1.752314525344111;7.130187005266464E-7
0.5625000000000038;1.7550553710939454;1.7550546569603052;7.141336402227694E-7
0.5640625000000038;1.7577997886291996;1.7577990733787796;7.152504200025334E-7
0.5656250000000038;1.760548497668637;1.7605477812997714;7.163688655609235E-7
0.5671875000000038;1.7633015049229783;1.763300787433994;7.174889842254117E-7
0.5687500000000039;1.7660588171136737;1.7660580985026557;7.186110180246175E-7
0.5703125000000039;1.768820440972192;1.7688197212374743;7.197347176024493E-7
0.5718750000000039;1.7715863832408019;1.7715856623806938;7.208601080499477E-7
0.5734375000000039;1.7743566506725017;1.7743559286851018;7.219873998653981E-7
0.575000000000004;1.7771312500304504;1.7771305269140454;7.2311640497702E-7
0.576562500000004;1.779910188088607;1.779909463841447;7.242471600221734E-7
0.578125000000004;1.7826934716314469;1.7826927462518223;7.253796245887401E-7
0.579687500000004;1.7854811074541743;1.7854803809402953;7.26513879056867E-7
0.581250000000004;1.788273102362652;1.7882723747126166;7.276500353370352E-7
0.5828125000000041;1.791069463173045;1.7910687343851786;7.287878664996583E-7
0.5843750000000041;1.7938701967125326;1.7938694667850323;7.299275002203842E-7
0.5859375000000041;1.7966753098188093;1.7966745787499052;7.310689040807006E-7
0.5875000000000041;1.7994848093402283;1.7994840771282161;7.322120121333597E-7
0.5890625000000042;1.8022987021360848;1.8022979687790934;7.333569913559046E-7
0.5906250000000042;1.8051169950761903;1.8051162605723914;7.345037988937264E-7
0.5921875000000042;1.8079396950410853;1.8079389593887065;7.356523787915847E-7
0.5937500000000042;1.8107668089221107;1.8107660721193948;7.368027159504464E-7
0.5953125000000042;1.8135983436214786;1.8135976056665881;7.379548905284139E-7
0.5968750000000043;1.8164343060520594;1.816433566943212;7.391088474584251E-7
0.5984375000000043;1.8192747031375944;1.8192739628730008;7.402645936238628E-7
0.6000000000000043;1.8221195418126968;1.8221188003905169;7.414221798729415E-7
0.6015625000000043;1.8249688290227084;1.8249680864411655;7.425815429229488E-7
0.6031250000000044;1.8278225717239138;1.8278218279812128;7.437427009815423E-7
0.6046875000000044;1.8306807768834688;1.8306800319778027;7.449056660391307E-7
0.6062500000000044;1.8335434514795423;1.8335427054089737;7.460705686579416E-7
0.6078125000000044;1.8364106025008908;1.8364098552636763;7.472372145489459E-7
0.6093750000000044;1.839282236947426;1.839281488541789;7.484056370188341E-7
0.6109375000000045;1.842158361830144;1.842157612254137;7.495760070419522E-7
0.6125000000000045;1.8450389841706283;1.8450382334225082;7.507481201152189E-7
0.6140625000000045;1.8479241110016886;1.8479233590796702;7.519220184271092E-7
0.6156250000000045;1.8508137493672194;1.8508129962693884;7.530978309855385E-7
0.6171875000000046;1.8537079063219863;1.8537071520464428;7.542755435796522E-7
0.6187500000000046;1.8566065889316263;1.8566058334766447;7.554549816823908E-7
0.6203125000000046;1.859509804273074;1.859509047636854;7.566362199007415E-7
0.6218750000000046;1.8624175594344905;1.862416801614998;7.578194924917625E-7
0.6234375000000046;1.865329861514624;1.8653291025100869;7.590045372207754E-7
0.6250000000000047;1.8682467176235207;1.8682459574322312;7.601912894728002E-7
0.6265625000000047;1.871168134882737;1.8711673735026604;7.613800765415846E-7
0.6281250000000047;1.8740941204244166;1.8740933578537398;7.625706768266127E-7
0.6296875000000047;1.8770246813920721;1.8770239176289867;7.637630854429034E-7
0.6312500000000048;1.8799598249405136;1.87995905998309;7.649574236268109E-7
0.6328125000000048;1.8828995582354935;1.8828987920819258;7.661535676994902E-7
0.6343750000000048;1.885843888454204;1.885843121102576;7.6735162801711E-7
0.6359375000000048;1.8887928227849216;1.8887920542333452;7.685515763800055E-7
0.6375000000000048;1.8917463684271496;1.8917455986737788;7.697533708217463E-7
0.6390625000000049;1.89470453259176;1.89470376163468;7.709570799541154E-7
0.6406250000000049;1.89766732250078;1.897666550338128;7.721626520407199E-7
0.6421875000000049;1.900634745387535;1.900633972017495;7.733700400081034E-7
0.6437500000000049;1.9036068084968605;1.903606033917464;7.745793964009096E-7
0.645312500000005;1.906583519084677;1.9065827432940476;7.75790629292672E-7
0.646875000000005;1.9095648844183444;1.9095641074146037;7.77003740681792E-7
0.648437500000005;1.9125509117766626;1.912550133557855;7.782188076177476E-7
0.650000000000005;1.9155416084495869;1.9155408290139058;7.794356811086089E-7
0.651562500000005;1.9185369817387254;1.91853620108426;7.806544655153402E-7
0.6531250000000051;1.9215370389570552;1.9215362570818393;7.818752159050035E-7
0.6546875000000051;1.9245417874288506;1.9245410043310007;7.830978498990504E-7
0.6562500000000051;1.9275512344899681;1.9275504501675544;7.843224136827587E-7
0.6578125000000051;1.9305653874877038;1.9305646019387819;7.855489219110723E-7
0.6593750000000052;1.9335842537807224;1.9335834670034535;7.867772688907593E-7
0.6609375000000052;1.9366078407393417;1.9366070527318466;7.880074950339377E-7
0.6625000000000052;1.9396361557455322;1.939635366505764;7.89239768206329E-7
0.6640625000000052;1.942669206192491;1.9426684157185514;7.904739396380478E-7
0.6656250000000052;1.9457069994851395;1.9457062077751155;7.91710023984038E-7
0.6671875000000053;1.9487495430399804;1.9487487500919425;7.92948037897645E-7
0.6687500000000053;1.9517968442850986;1.9517960500971154;7.941879831552257E-7
0.6703125000000053;1.9548489106601608;1.9548481152303334;7.954298273382676E-7
0.6718750000000053;1.9579057496165575;1.9579049529429284;7.966736290665466E-7
0.6734375000000054;1.9609673686174034;1.9609665706978852;7.979195182361565E-7
0.6750000000000054;1.9640337751371106;1.9640329759698578;7.991672528184779E-7
0.6765625000000054;1.9671049766620285;1.9671041762451886;8.004168399189382E-7
0.6781250000000054;1.9701809806903725;1.9701801790219267;8.016684458489465E-7
0.6796875000000054;1.9732617947319397;1.973260991809846;8.029220937011416E-7
0.6812500000000055;1.9763474263081093;1.976346622130464;8.041776453637794E-7
0.6828125000000055;1.9794378829521975;1.9794370775170589;8.054351385844427E-7
0.6843750000000055;1.9825331722093154;1.9825323655146896;8.066946257656582E-7
0.6859375000000055;1.985633301636227;1.985632493680213;8.079560140927811E-7
0.6875000000000056;1.988738278801776;1.9887374695823028;8.092194732078895E-7
0.6890625000000056;1.9918481112863873;1.9918473008014685;8.104849187340335E-7
0.6906250000000056;1.994962806682281;1.9949619949300728;8.117522083406215E-7
0.6921875000000056;1.99808237259397;1.9980815595723507;8.130216193613649E-7
0.6937500000000056;2.0012068166373354;2.001206002344429;8.142929064369753E-7
0.6953125000000057;2.0043361464405507;2.0043353308743423;8.155662083453308E-7
0.6968750000000057;2.007470369643727;2.0074695528020556;8.168416711917814E-7
0.6984375000000057;2.0106094938984143;2.010608675779479;8.181189352640672E-7
0.7000000000000057;2.013753526868669;2.013752707470488;8.193981808624073E-7
0.7015625000000058;2.0169024762304844;2.0169016555509436;8.206795407694756E-7
0.7031250000000058;2.0200563496715063;2.0200555277087084;8.219627978256483E-7
0.7046875000000058;2.0232151548917443;2.023214331643667;8.232480772640827E-7
0.7062500000000058;2.026378899603287;2.026378075067745;8.245355420655187E-7
0.7078125000000058;2.0295475915297345;2.0295467657049273;8.258248072046115E-7
0.7093750000000059;2.0327212384073334;2.0327204112912756;8.271160578665615E-7
0.7109375000000059;2.0358998479845525;2.0358990195749502;8.284096022492804E-7
0.7125000000000059;2.039083428021229;2.0390825983162273;8.297050015926288E-7
0.7140625000000059;2.0422719862898475;2.0422711552875166;8.310023309476833E-7
0.715625000000006;2.0454655305752567;2.045464698273383;8.323018736433596E-7
0.717187500000006;2.0486640686739577;2.0486632350705642;8.336033934241982E-7
0.718750000000006;2.051867608394815;2.051866773487989;8.349068258972636E-7
0.720312500000006;2.055076157559199;2.055075321346798;8.362124011007666E-7
0.721875000000006;2.058289724000417;2.0582888864803617;8.3752005552995E-7
0.7234375000000061;2.061508315563998;2.0615074767342993;8.388296985906152E-7
0.7250000000000061;2.0647319401078335;2.064731099966499;8.401413342795649E-7
0.7265625000000061;2.0679606055021793;2.0679597640471363;8.414550429769463E-7
0.7281250000000061;2.0711943196296545;2.0711934768586935;8.427709610181466E-7
0.7296875000000062;2.074433090384815;2.074432246295979;8.440888361604948E-7
0.7312500000000062;2.077676925674865;2.077676080266146;8.454087190301607E-7
0.7328125000000062;2.0809258334193714;2.080924986688713;8.467306584769574E-7
0.7343750000000062;2.084179821550265;2.0841789734955816;8.480546833666835E-7
0.7359375000000062;2.0874388980118397;2.0874380486310575;8.493807821530197E-7
0.7375000000000063;2.0907030707608953;2.0907022200518686;8.507090267784179E-7
0.7390625000000063;2.093972347766595;2.0939714957271853;8.520394096933614E-7
0.7406250000000063;2.097246737010323;2.097245883638639;8.533716839842498E-7
0.7421875000000063;2.100526246486396;2.1005253917803426;8.547060534880302E-7
0.7437500000000064;2.1038108842014935;2.103810028158909;8.560425843739949E-7
0.7453125000000064;2.107100658174801;2.1070998007934723;8.573813286005816E-7
0.7468750000000064;2.1103955764377247;2.1103947177157054;8.58722019270175E-7
0.7484375000000064;2.1136956470344614;2.11369478696984;8.600646212997276E-7
0.7500000000000064;2.1170008780222815;2.117000016612688;8.614095934333932E-7
0.7515625000000065;2.1203112774703925;2.1203104147136598;8.627567327224028E-7
0.7531250000000065;2.1236268534605074;2.123625989354783;8.641057243075068E-7
0.7546875000000065;2.1269476140876975;2.126946748630724;8.654569736421536E-7
0.7562500000000065;2.1302735674592554;2.130272700648807;8.668104483078309E-7
0.7578125000000066;2.1336047216948373;2.133603853529034;8.681658032472228E-7
0.7593750000000066;2.136941084927315;2.1369402154041035;8.69523211655121E-7
0.7609375000000066;2.140282665302351;2.140281794419432;8.708829191128586E-7
0.7625000000000066;2.1436294709781123;2.1436285987331734;8.72244938943112E-7
0.7640625000000066;2.14698151012513;2.1469806365162385;8.736088914496065E-7
0.7656250000000067;2.150338790927151;2.1503379159523144;8.749748365843857E-7
0.7671875000000067;2.1537013215809964;2.153700445237886;8.763431105229813E-7
0.7687500000000067;2.1570691102957085;2.157068232582255;8.777134534732056E-7
0.7703125000000067;2.1604421652934036;2.16044128620756;8.790858436746873E-7
0.7718750000000068;2.163820494809414;2.163819614348797;8.804606173029583E-7
0.7734375000000068;2.167204107091294;2.1672032252538393;8.818374546137875E-7
0.7750000000000068;2.170593010399813;2.170592127183457;8.832163556071748E-7
0.7765625000000068;2.1739872130088145;2.1739863284113388;8.845974757143438E-7
0.7781250000000068;2.1773867232047905;2.1773858372241097;8.85980680820353E-7
0.7796875000000069;2.1807915492874486;2.1807906619213537;8.87366094826092E-7
0.7812500000000069;2.184201699569286;2.184200810815633;8.887536528945361E-7
0.7828125000000069;2.187617182376016;2.1876162922325078;8.901435082364628E-7
0.7843750000000069;2.191038006046;2.191037114510558;8.915354419158916E-7
0.785937500000007;2.194464178930957;2.1944632860014015;8.929295556292516E-7
0.787500000000007;2.1978957093955387;2.1978948150697173;8.943258213989225E-7
0.789062500000007;2.20133260581747;2.2013317100932626;8.957242072504812E-7
0.790625000000007;2.204774876587976;2.204773979462897;8.971250791134366E-7
0.792187500000007;2.208222530110504;2.2082216315826;8.98527904080737E-7
0.7937500000000071;2.2116755748022854;2.211674674869492;8.999327931746848E-7
0.7953125000000071;2.2151340190939095;2.215133117753857;9.013400523727455E-7
0.7968750000000071;2.2185978714287558;2.2185969686791607;9.027495950775233E-7
0.7984375000000071;2.2220671402632775;2.222066236102072;9.041612054616621E-7
0.8000000000000071;2.2255418340675703;2.2255409284924834;9.055750869180201E-7
0.8015625000000072;2.229021961324662;2.229021054333533;9.069911288683841E-7
0.8031250000000072;2.2325075305309383;2.232506622121623;9.084093153255424E-7
0.8046875000000072;2.2359985501964275;2.2359976403664423;9.098299851295621E-7
0.8062500000000072;2.2394950288436632;2.239494117590987;9.112526764276652E-7
0.8078125000000073;2.242996975009106;2.2429960623315788;9.126775273315957E-7
0.8093750000000073;2.2465043972427168;2.2465034831378903;9.141048264993401E-7
0.8109375000000073;2.2500173041071037;2.2500163885729623;9.15534141388008E-7
0.8125000000000073;2.253535704178944;2.253534787213225;9.169657189112002E-7
0.8140625000000073;2.257059606048273;2.2570586876485215;9.183997513595443E-7
0.8156250000000074;2.2605890183179156;2.260588098482126;9.198357897588494E-7
0.8171875000000074;2.264123949604908;2.264123028330765;9.212741431952054E-7
0.8187500000000074;2.2676644085395026;2.267663485824641;9.227148614066039E-7
0.8203125000000074;2.271210403765025;2.271209479607451;9.241575740226438E-7
0.8218750000000075;2.274761943939154;2.274761018336407;9.256027473369954E-7
0.8234375000000075;2.2783190377325013;2.2783181106822608;9.270502405733794E-7
0.8250000000000075;2.2818816938290354;2.281880765329321;9.284997144476392E-7
0.8265625000000075;2.2854499209272205;2.2854489909754765;9.299517440553018E-7
0.8281250000000075;2.2890237277381686;2.2890227963322185;9.314059501441818E-7
0.8296875000000076;2.292603122986918;2.2926021901246583;9.328622598836489E-7
0.8312500000000076;2.2961881154127184;2.2961871810915526;9.343211657686368E-7
0.8328125000000076;2.2997787137674663;2.299777777985323;9.357821433297886E-7
0.8343750000000076;2.303374926817412;2.303373989572076;9.372453360079191E-7
0.8359375000000077;2.306976763342732;2.3069758246316274;9.387111044034668E-7
0.8375000000000077;2.3105842321363923;2.310583291957522;9.401788703122804E-7
0.8390625000000077;2.314197342005997;2.3141964003570537;9.416489432645392E-7
0.8406250000000077;2.3178161017729337;2.3178151586512907;9.431216430044742E-7
0.8421875000000077;2.3214405202715227;2.321439575675094;9.445964286314279E-7
0.8437500000000078;2.325070606350579;2.3250696602771392;9.460734395894121E-7
0.8453125000000078;2.3287063688727017;2.3287054213199396;9.475527620317337E-7
0.8468750000000078;2.3323478167142753;2.3323468676798664;9.490344088369795E-7
0.8484375000000078;2.3359949587657525;2.3359940082471717;9.505185807334726E-7
0.8500000000000079;2.3396478039309443;2.3396468519260094;9.520049348843429E-7
0.8515625000000079;2.3433063611280147;2.343305407634456;9.534935587751647E-7
0.8531250000000079;2.3469706392890544;2.3469696843045345;9.54984519907498E-7
0.8546875000000079;2.3506406473600805;2.3506396908822342;9.56477846258963E-7
0.856250000000008;2.354316394301179;2.3543154363275347;9.579736444109699E-7
0.857812500000008;2.3579978890859365;2.3579969296144254;9.594715111305163E-7
0.859375000000008;2.3616851407027184;2.3616841797309283;9.609717901426507E-7
0.860937500000008;2.365378158153817;2.3653771956791214;9.62474695498372E-7
0.862500000000008;2.3690769504548825;2.369075986475159;9.639797236005165E-7
0.8640625000000081;2.372781526636345;2.372780561149293;9.65487052084768E-7
0.8656250000000081;2.376491895742703;2.3764909287458975;9.669968052961053E-7
0.8671875000000081;2.380208066832381;2.380207098323489;9.685088921962404E-7
0.8687500000000081;2.383930048978158;2.3839290789547487;9.700234091525317E-7
0.8703125000000081;2.387657851266738;2.3876568797265456;9.71540192296061E-7
0.8718750000000082;2.391391482799321;2.3913905097399573;9.730593637513607E-7
0.8734375000000082;2.395130952691318;2.3951299781102935;9.745810243266817E-7
0.8750000000000082;2.3988762700722077;2.3988752939671176;9.761050900891632E-7
0.8765625000000082;2.402627444085681;2.402626466454269;9.776314118248308E-7
0.8781250000000083;2.406384483889923;2.4063835047298854;9.79160037495319E-7
0.8796875000000083;2.410147398657614;2.410146417966425;9.806911887011438E-7
0.8812500000000083;2.413916197575503;2.4139152153506904;9.82224812595689E-7
0.8828125000000083;2.4176908898445504;2.4176899060838486;9.837607017892935E-7
0.8843750000000083;2.4214714846804952;2.4214704993814546;9.852990405789797E-7
0.8859375000000084;2.4252579913132877;2.425257004473475;9.868398125334465E-7
0.8875000000000084;2.4290504189870887;2.4290494306043087;9.88382780064967E-7
0.8890625000000084;2.432848776961265;2.43284778703281;9.899284552083998E-7
0.8906250000000084;2.4366530745088255;2.4366520830323126;9.914765128904435E-7
0.8921875000000085;2.4404633209174165;2.44046232789065;9.930267665936299E-7
0.8937500000000085;2.4442795254897476;2.4442785309101795;9.945795680366132E-7
0.8953125000000085;2.4481016975427394;2.4481007014078053;9.961349340947834E-7
0.8968750000000085;2.4519298464076655;2.4519288487150006;9.97692664927996E-7
0.8984375000000085;2.4557639814304366;2.4557629821778293;9.992526073254737E-7
0.9000000000000086;2.459604111972169;2.4596031111569707;1.000815198270999E-6
0.9015625000000086;2.4634502474079056;2.4634492450277423;1.00238016331744E-6
0.9031250000000086;2.467302397127753;2.4673013931801204;1.0039476325829355E-6
0.9046875000000086;2.4711605705364548;2.4711595650187665;1.0055176882239891E-6
0.9062500000000087;2.4750247770529654;2.475023769963047;1.0070899185699034E-6
0.9078125000000087;2.4788950261117293;2.478894017447057;1.008664672230708E-6
0.9093750000000087;2.482771327161686;2.482770316919646;1.0102420398006018E-6
0.9109375000000087;2.4866536896661273;2.4866526778444373;1.0118216899890342E-6
0.9125000000000087;2.490542123103694;2.4905411096998527;1.0134038412878965E-6
0.9140625000000088;2.494436636967805;2.4944356219791364;1.0149886686683374E-6
0.9156250000000088;2.498337240766233;2.498336224190377;1.0165758559388394E-6
0.9171875000000088;2.5022439440219557;2.502242925856531;1.0181654248597738E-6
0.9187500000000088;2.5061567562728726;2.5061557365154457;1.019757426945489E-6
0.9203125000000089;2.5100756870719465;2.5100746657198836;1.0213520629243078E-6
0.9218750000000089;2.5140007459869196;2.5139997230375455;1.0229493740965268E-6
0.9234375000000089;2.517931942600029;2.5179309180510927;1.0245489363569504E-6
0.9250000000000089;2.521869286509144;2.5218682603581706;1.0261509735265406E-6
0.926562500000009;2.5258127873270553;2.525811759571434;1.0277556214965955E-6
0.928125000000009;2.5297624546811903;2.5297614253185676;1.0293626226953734E-6
0.929687500000009;2.533718298214609;2.5337172672423125;1.0309722964230161E-6
0.931250000000009;2.537680327585008;2.5376792950004883;1.0325845196668126E-6
0.932812500000009;2.5416485524651478;2.5416475182660156;1.0341991321105581E-6
0.9343750000000091;2.5456229825434207;2.545621946726942;1.0358164788115687E-6
0.9359375000000091;2.549603627522572;2.549602590086464;1.0374361081311179E-6
0.9375000000000091;2.553590497121263;2.55358945806295;1.0390583131680842E-6
0.9390625000000091;2.557583601073219;2.557582560389968;1.0406832511300479E-6
0.9406250000000091;2.5615829491268016;2.5615819068163037;1.0423104979118136E-6
0.9421875000000092;2.5655885510464316;2.565587507105989;1.0439404425355292E-6
0.9437500000000092;2.5696004166111663;2.569599371038324;1.045572842528486E-6
0.9453125000000092;2.5736185556156954;2.573617508407899;1.0472077964784887E-6
0.9468750000000092;2.577642977869914;2.577641929024623;1.048845291062861E-6
0.9484375000000093;2.581673693199207;2.5816726427137424;1.050485464393347E-6
0.9500000000000093;2.5857107114440225;2.5857096593158704;1.0521281521569392E-6
0.9515625000000093;2.5897540424602994;2.589752988687005;1.0537732944015943E-6
0.9531250000000093;2.5938036961197497;2.593802640698559;1.0554211908875288E-6
0.9546875000000093;2.597859682308865;2.597858625237379;1.0570714858992858E-6
0.9562500000000094;2.6019220109303376;2.601920952205774;1.0587245635740317E-6
0.9578125000000094;2.6059906919016385;2.6059896315215365;1.0603801019470893E-6
0.9593750000000094;2.610065735156155;2.6100646731179666;1.062038188504033E-6
0.9609375000000094;2.614147150642907;2.6141460869438995;1.063699007541885E-6
0.9625000000000095;2.618234948325977;2.6182338829637257;1.0653622513068228E-6
0.9640625000000095;2.6223291381855063;2.622328071157418;1.067028088108657E-6
0.9656250000000095;2.626429730217268;2.6264286615205554;1.0686967124584612E-6
0.9671875000000095;2.6305367344322406;2.630535664064347;1.0703678934298466E-6
0.9687500000000095;2.634650160857319;2.634649088815656;1.0720416629972362E-6
0.9703125000000096;2.6387700195350305;2.6387689458170263;1.0737180042852401E-6
0.9718750000000096;2.6428963205236755;2.642895245126703;1.0753969723609202E-6
0.9734375000000096;2.647029073897329;2.6470279968186627;1.0770786662561704E-6
0.9750000000000096;2.6511682897454136;2.6511672109826323;1.0787627813257927E-6
0.9765625000000097;2.6553139781738366;2.655312897724117;1.080449719470522E-6
0.9781250000000097;2.659466149303711;2.6594650671644255;1.082139285291106E-6
0.9796875000000097;2.6636248132722073;2.6636237294406913;1.0838315160910383E-6
0.9812500000000097;2.6677899802322713;2.667788894705901;1.0855263701259332E-6
0.9828125000000097;2.671961660352622;2.671960573128917;1.0872237048431543E-6
0.9843750000000098;2.676139863818321;2.676138774894503;1.0889238177824723E-6
0.9859375000000098;2.6803246008299197;2.6803235102033494;1.0906265703880536E-6
0.9875000000000098;2.684515881604028;2.6845147892720966;1.0923319315736535E-6
0.9890625000000098;2.6887137163734565;2.688712622333362;1.0940400945180784E-6
0.9906250000000099;2.6929181153867887;2.6929170196357637;1.095751025026459E-6
0.9921875000000099;2.697129088908383;2.6971279914439457;1.0974644375494336E-6
0.9937500000000099;2.701346647219083;2.7013455480386024;1.099180480412798E-6
0.9953125000000099;2.7055708006157886;2.7055696997165053;1.1008992832906017E-6
0.99687500000001;2.709801559411318;2.7098004567905267;1.1026207911157826E-6
0.99843750000001;2.714038933934546;2.7140378295896657;1.1043448804315403E-6
