0.0015625;1.0015638232233925;1.0015637213391564;1.0188423615886677E-7
0.0023437500000000003;1.0023466006929027;1.0023464987290562;1.0196384647720436E-7
0.003125;1.0031299899463875;1.003129887902739;1.0204364842003599E-7
0.00390625;1.0039139914617579;1.0039138893383475;1.0212341039483874E-7
0.0046875;1.0046986057176355;1.004698503514398;1.0220323742871074E-7
0.00546875;1.0054838331929261;1.0054837309097813;1.0228314484272971E-7
0.0062499999999999995;1.0062696743668198;1.006269572003762;1.0236305780786381E-7
0.007031249999999999;1.007056129719075;1.0070560272759794;1.0244309556206588E-7
0.007812499999999999;1.0078431997295922;1.007843097206448;1.0252314419645359E-7
0.008593749999999999;1.0086308848786985;1.008630782275557;1.0260314153853756E-7
0.009375;1.009419185647431;1.009419082964071;1.0268336003704803E-7
0.01015625;1.0102081025168275;1.010207999753131;1.0276369644124372E-7
0.010937500000000001;1.0109976359683515;1.0109975331242536;1.0284409790450866E-7
0.011718750000000002;1.011787786483751;1.0117876835593316;1.0292441943171582E-7
0.012500000000000002;1.0125785545453425;1.0125784515406344;1.0300470809632145E-7
0.013281250000000003;1.013369940636153;1.0133698375508087;1.0308534426073379E-7
0.014062500000000004;1.014161945238783;1.0141618420728784;1.0316590448589125E-7
0.014843750000000005;1.0149545688366857;1.0149544655902443;1.0324644139636519E-7
0.015625000000000003;1.015747811913883;1.0157477085866857;1.0332719724281958E-7
0.016406250000000004;1.0165416749543965;1.0165415715463597;1.0340803680009003E-7
0.017187500000000005;1.0173361584426743;1.017336054953802;1.0348887236055759E-7
0.017968750000000006;1.0181312628635908;1.0181311592939264;1.0356966440028259E-7
0.018750000000000006;1.0189269887025887;1.0189268850520263;1.0365056235528414E-7
0.019531250000000007;1.019723336445395;1.0197232327137742;1.0373162084853504E-7
0.020312500000000008;1.020520306577879;1.0205202027652223;1.0381265669323625E-7
0.02109375000000001;1.0213178995866201;1.0213177956928021;1.0389381799313924E-7
0.02187500000000001;1.0221161159583403;1.0221160119833264;1.0397501393200059E-7
0.02265625000000001;1.0229149561801876;1.022914852123987;1.0405620054498854E-7
0.02343750000000001;1.0237144207400206;1.023714316602358;1.041376627153312E-7
0.02421875000000001;1.0245145101254138;1.0245144059063933;1.0421902052470955E-7
0.025000000000000012;1.0253152248247943;1.0253151205244289;1.0430036545550081E-7
0.025781250000000012;1.0261165653271576;1.026116460945182;1.0438197550755035E-7
0.026562500000000013;1.026918532121357;1.0269184276577525;1.0446360443339131E-7
0.027343750000000014;1.0277211256968144;1.0277210211516217;1.0454519272506957E-7
0.028125000000000015;1.02852434654352;1.0285242419166538;1.0462686628187612E-7
0.028906250000000015;1.0293281951517486;1.029328090443096;1.0470865263734197E-7
0.029687500000000016;1.0301326720120585;1.0301325672215784;1.0479048007105973E-7
0.030468750000000017;1.030937777615577;1.0309376727431148;1.0487246226986713E-7
0.031250000000000014;1.0317435124535734;1.0317434074991028;1.049544706699379E-7
0.03203125000000001;1.0325498770176011;1.0325497719813235;1.0503627767555201E-7
0.03281250000000001;1.0333568718003505;1.0333567666819428;1.0511840775606629E-7
0.033593750000000006;1.0341644972942277;1.0341643920935115;1.0520071613839832E-7
0.034375;1.034972753991923;1.034972648708965;1.0528295790734887E-7
0.03515625;1.035781642386695;1.035781537021624;1.0536507111247317E-7
0.0359375;1.0365911629726554;1.0365910575251942;1.0544746120721982E-7
0.036718749999999994;1.0374013162437734;1.0374012107137687;1.0553000473478846E-7
0.03749999999999999;1.0382121026941604;1.038211997081825;1.0561233532158099E-7
0.03828124999999999;1.0390235228190647;1.0390234171242283;1.0569483643863009E-7
0.039062499999999986;1.0398355771137346;1.0398354713362299;1.057775047552667E-7
0.03984374999999998;1.0406482660737026;1.0406481602134685;1.0586023413416967E-7
0.04062499999999998;1.0414615901949276;1.04146148425197;1.0594295751786831E-7
0.04140624999999998;1.0422755499739367;1.042275443948148;1.0602578859320033E-7
0.042187499999999975;1.0430901459073993;1.0430900397988043;1.0610859502158121E-7
0.04296874999999997;1.0439053784926955;1.0439052723011284;1.0619156709523736E-7
0.04374999999999997;1.044721248227205;1.0447211419526992;1.0627450586220277E-7
0.04453124999999997;1.0455377556090184;1.0455376492514834;1.0635753500132239E-7
0.045312499999999964;1.0463549011366524;1.0463547946958383;1.0644081416266715E-7
0.04609374999999996;1.0471726853084817;1.0471725787845094;1.0652397230970223E-7
0.04687499999999996;1.0479911086237337;1.0479910020166328;1.0660710092480485E-7
0.047656249999999956;1.048810171582204;1.048810064891734;1.0669047001421461E-7
0.04843749999999995;1.0496298746835464;1.04962976790973;1.0677381645507467E-7
0.04921874999999995;1.050450218428125;1.050450111570927;1.068571979789823E-7
0.04999999999999995;1.0512712033168725;1.051271096376024;1.069408486209511E-7
0.050781249999999944;1.0520928298505794;1.0520927228261097;1.0702446973098745E-7
0.05156249999999994;1.0529150985307467;1.0529149914226654;1.0710808129310578E-7
0.05234374999999994;1.0537380098593019;1.053737902667564;1.0719173793027892E-7
0.053124999999999936;1.0545615643385986;1.0545614570630706;1.0727552801625961E-7
0.05390624999999993;1.0553857624712748;1.055385655111843;1.0735943178907803E-7
0.05468749999999993;1.0562106047602526;1.056210497316932;1.0744332068490792E-7
0.05546874999999993;1.0570360917090227;1.057035984181781;1.0752724177720552E-7
0.056249999999999925;1.0578622238215019;1.0578621162102273;1.076112745579394E-7
0.05703124999999992;1.0586890016018913;1.058688893906502;1.0769538927313249E-7
0.05781249999999992;1.0595164255548184;1.0595163177752303;1.0777958814323085E-7
0.05859374999999992;1.0603444961851949;1.0603443883214314;1.0786376347660109E-7
0.059374999999999914;1.061173213998643;1.0611731060505196;1.0794812332903803E-7
0.06015624999999991;1.0620025795007848;1.0620024714683043;1.080324805169397E-7
0.06093749999999991;1.0628325931979532;1.0628324850809896;1.0811696360413237E-7
0.061718749999999906;1.063663255596623;1.063663147395176;1.0820144691336964E-7
0.0624999999999999;1.0644945672038375;1.0644944589178593;1.0828597818424157E-7
0.0632812499999999;1.0653265285270663;1.065326420156432;1.0837063424418147E-7
0.0640624999999999;1.0661591400739212;1.0661590316186829;1.0845523834568382E-7
0.0648437499999999;1.0669924023528665;1.0669922938127976;1.085400689326832E-7
0.06562499999999989;1.0678263158722245;1.0678262072473592;1.0862486532481341E-7
0.06640624999999989;1.0686608811411702;1.068660772431348;1.0870982225519299E-7
0.06718749999999989;1.0694960986688784;1.0694959898741423;1.0879473610891921E-7
0.06796874999999988;1.0703319689652346;1.070331860085518;1.0887971657602691E-7
0.06874999999999988;1.0711684925405507;1.0711683835756505;1.0896490021394811E-7
0.06953124999999988;1.0720056699051383;1.0720055608551127;1.0905002567618283E-7
0.07031249999999988;1.072843501570162;1.0728433924348773;1.091352848092697E-7
0.07109374999999987;1.0736819880469284;1.073681878826316;1.092206123320949E-7
0.07187499999999987;1.0745211298471702;1.0745210205412006;1.0930596960889716E-7
0.07265624999999987;1.0753609274830467;1.0753608180917023;1.093913444272232E-7
0.07343749999999986;1.0762013814672855;1.0762012719903928;1.094768926623857E-7
0.07421874999999986;1.0770424923126143;1.0770423827502449;1.095623693991854E-7
0.07499999999999986;1.0778842605326133;1.0778841508846313;1.0964798202728332E-7
0.07578124999999986;1.0787266866411471;1.078726576907327;1.0973382003065524E-7
0.07656249999999985;1.0795697711520802;1.079569661332508;1.0981957210276505E-7
0.07734374999999985;1.0804135145801297;1.0804134046747522;1.0990537746558005E-7
0.07812499999999985;1.0812579174401549;1.0812578074490395;1.0999111532683514E-7
0.07890624999999984;1.0821029802478677;1.0821028701707525;1.1007711520072405E-7
0.07968749999999984;1.08294870351898;1.0829485933556768;1.1016330314639333E-7
0.08046874999999984;1.0837950877693459;1.0837949775200009;1.1024934498671257E-7
0.08124999999999984;1.084642133515814;1.0846420231803164;1.1033549762728967E-7
0.08203124999999983;1.0854898412753755;1.0854897308536193;1.1042175618314332E-7
0.08281249999999983;1.0863382115653053;1.0863381010573092;1.1050799608725015E-7
0.08359374999999983;1.087187244903589;1.0871871343091901;1.10594398972097E-7
0.08437499999999983;1.0880369418083546;1.088036831127471;1.1068088356935846E-7
0.08515624999999982;1.088887302798014;1.0888871920307657;1.1076724826253326E-7
0.08593749999999982;1.0897383283919737;1.089738217538093;1.108538807415016E-7
0.08671874999999982;1.0905900191094986;1.0905899081688781;1.1094062046801412E-7
0.08749999999999981;1.0914423754701374;1.0914422644429516;1.1102718588951177E-7
0.08828124999999981;1.092295397994576;1.0922952868805502;1.1111402575814111E-7
0.08906249999999981;1.0931490872032157;1.093148976002318;1.1120089760119356E-7
0.0898437499999998;1.0940034436170265;1.0940033323293052;1.1128772126056674E-7
0.0906249999999998;1.094858467757689;1.0948583563829697;1.1137471922495479E-7
0.0914062499999998;1.0957141601470255;1.0957140486851766;1.1146184886179356E-7
0.0921874999999998;1.096570521307143;1.0965704097581994;1.1154894363762935E-7
0.0929687499999998;1.0974275517607168;1.097427440124719;1.1163599777930244E-7
0.09374999999999979;1.0982852520311326;1.0982851403078255;1.117233070502266E-7
0.09453124999999979;1.0991436226417761;1.0991435108310177;1.118107584296979E-7
0.09531249999999979;1.1000026641163174;1.1000025522182033;1.1189811410794448E-7
0.09609374999999978;1.100862376979137;1.1008622649936994;1.1198543758972335E-7
0.09687499999999978;1.101722761755184;1.1017226496822332;1.1207295069759482E-7
0.09765624999999978;1.1025838189695492;1.102583706808942;1.1216060724628107E-7
0.09843749999999978;1.1034455491477502;1.1034454368993731;1.1224837703771584E-7
0.09921874999999977;1.1043079528154465;1.1043078404794853;1.1233596119986089E-7
0.09999999999999977;1.1051710304994344;1.1051709180756473;1.124237871685807E-7
0.10078124999999977;1.1060347827263683;1.1060346702146406;1.1251172771231666E-7
0.10156249999999976;1.1068992100231867;1.1068990974236572;1.1259952947817453E-7
0.10234374999999976;1.1077643129179648;1.1077642002303019;1.1268766297867217E-7
0.10312499999999976;1.1086300919383518;1.1086299791625915;1.127757602858992E-7
0.10390624999999976;1.1094965476127072;1.1094964347489555;1.1286375167784968E-7
0.10468749999999975;1.1103636804702433;1.1103635675182364;1.1295200685879081E-7
0.10546874999999975;1.11123149104003;1.1112313779996903;1.1304033975534367E-7
0.10624999999999975;1.112099979851564;1.1120998667229864;1.1312857761680561E-7
0.10703124999999974;1.1129691474351944;1.1129690342182084;1.1321698600852415E-7
0.10781249999999974;1.1138389943214122;1.113838881015854;1.1330555826916111E-7
0.10859374999999974;1.114709521040993;1.1147094076468356;1.1339415739719527E-7
0.10937499999999974;1.1155807281252805;1.1155806146424805;1.13482800045972E-7
0.11015624999999973;1.116452616105903;1.1164525025345313;1.1357137164047515E-7
0.11093749999999973;1.1173251855151989;1.117325071855146;1.1366005292501313E-7
0.11171874999999973;1.1181984368859332;1.1181983231368988;1.1374903441385698E-7
0.11249999999999973;1.1190723707507289;1.1190722569127802;1.1383794862318553E-7
0.11328124999999972;1.1199469876430612;1.1199468737161968;1.1392686438682631E-7
0.11406249999999972;1.1208222880969743;1.1208221740809725;1.1401600175098281E-7
0.11484374999999972;1.1216982726463698;1.1216981585413484;1.141050214314987E-7
0.11562499999999971;1.1225749418261444;1.1225748276319825;1.1419416190427967E-7
0.11640624999999971;1.1234522961714788;1.1234521818879517;1.1428352708620082E-7
0.11718749999999971;1.1243303362175538;1.1243302218447504;1.1437280345028E-7
0.1179687499999997;1.125209062500403;1.1252089480382916;1.1446211134469308E-7
0.1187499999999997;1.126088475556486;1.1260883610049073;1.145515786671325E-7
0.1195312499999997;1.1269685759225467;1.1269684612813486;1.146411980901263E-7
0.1203124999999997;1.1278493641356135;1.1278492494047863;1.147308272830827E-7
0.1210937499999997;1.128730840733283;1.1287307259128105;1.1482047246325067E-7
0.12187499999999969;1.129613006253578;1.129612891343432;1.1491014606512806E-7
0.12265624999999969;1.1304958612350902;1.1304957462350818;1.1500000840491964E-7
0.12343749999999969;1.1313794062164106;1.1313792911266118;1.1508979880225922E-7
0.12421874999999968;1.1322636417369836;1.132263526557295;1.1517968867558182E-7
0.12499999999999968;1.1331485683366793;1.1331484530668259;1.152698534401253E-7
0.12578124999999968;1.1340341865552261;1.134034071195321;1.1535990518396488E-7
0.1265624999999997;1.1349204969334892;1.1349203814833184;1.1545017075675901E-7
0.1273437499999997;1.1358075000121914;1.1358073844717795;1.1554041190464659E-7
0.1281249999999997;1.1366951963326244;1.1366950807020875;1.156305369232058E-7
0.12890624999999972;1.1375835864370742;1.1375834707160493;1.1572102498469405E-7
0.12968749999999973;1.138472670867401;1.1384725550558954;1.1581150549666575E-7
0.13046874999999974;1.1393624501661748;1.1393623342642796;1.1590189519239402E-7
0.13124999999999976;1.140252924876819;1.14025280888428;1.1599253890715033E-7
0.13203124999999977;1.1411440955426144;1.1411439794593996;1.1608321481837436E-7
0.13281249999999978;1.1420359627074106;1.1420358465335654;1.1617384521045437E-7
0.1335937499999998;1.1429285269157674;1.14292841065113;1.1626463747305138E-7
0.1343749999999998;1.143821788712529;1.1438216723568713;1.1635565777545764E-7
0.1351562499999998;1.1447157486425397;1.1447156321959933;1.1644654640541319E-7
0.13593749999999982;1.1456104072516382;1.1456102907141252;1.1653751297302506E-7
0.13671874999999983;1.1465057650859478;1.146505648457324;1.1662862386963013E-7
0.13749999999999984;1.1474018226917337;1.147401705972072;1.1671966171356019E-7
0.13828124999999986;1.148298580616256;1.1482984638052798;1.1681097622506798E-7
0.13906249999999987;1.1491960394066325;1.149195922504285;1.1690234757999463E-7
0.13984374999999988;1.1500941996105496;1.1500940826168526;1.1699369695250539E-7
0.1406249999999999;1.150993061776262;1.1509929446911764;1.1708508562691122E-7
0.1414062499999999;1.151892626452451;1.151892509275878;1.1717657288912164E-7
0.1421874999999999;1.1527928941880816;1.1527927769200084;1.1726807325196376E-7
0.14296874999999992;1.15369386553283;1.153693748173047;1.1735978300286831E-7
0.14374999999999993;1.1545955410365139;1.1545954235849034;1.1745161043741348E-7
0.14453124999999994;1.1554979212492356;1.1554978037059165;1.1754331907809501E-7
0.14531249999999996;1.156401006722092;1.1564008890868553;1.1763523666274978E-7
0.14609374999999997;1.157304798006038;1.1573046802789198;1.1772711827617854E-7
0.14687499999999998;1.158209295652881;1.1582091778337398;1.1781914133202065E-7
0.14765625;1.1591145002145709;1.1591143823033774;1.17911193475706E-7
0.1484375;1.1600204122436253;1.160020294240325;1.1800330024236416E-7
0.14921875;1.1609270322931309;1.160926914197508;1.1809562283637831E-7
0.15000000000000002;1.161834360916174;1.161834242728283;1.1818789102946425E-7
0.15078125000000003;1.1627423986668362;1.1627422803864396;1.1828039658823286E-7
0.15156250000000004;1.1636511460990562;1.1636510277262;1.1837285618376825E-7
0.15234375000000006;1.1645606037673417;1.1645604853022193;1.1846512237845275E-7
0.15312500000000007;1.1654707722273372;1.1654706536695865;1.1855775072788788E-7
0.15390625000000008;1.1663816520344028;1.1663815333838246;1.1865057825133363E-7
0.1546875000000001;1.167293243744183;1.1672931250008902;1.1874329275407547E-7
0.1554687500000001;1.1682055479131748;1.1682054290771748;1.1883599992934535E-7
0.1562500000000001;1.1691185650983016;1.1691184461695046;1.1892879703268022E-7
0.15703125000000012;1.1700322958569132;1.170032176835141;1.1902177221578825E-7
0.15781250000000013;1.1709467407466434;1.170946621631781;1.1911486241800162E-7
0.15859375000000014;1.1718619003255526;1.1718617811175576;1.1920799503073454E-7
0.15937500000000016;1.1727777751522694;1.1727776558510397;1.1930122978398572E-7
0.16015625000000017;1.1736943657857069;1.173694246391233;1.193944738631103E-7
0.16093750000000018;1.174611672785204;1.1746115532975798;1.1948762423941162E-7
0.1617187500000002;1.175529696710953;1.1755295771299599;1.1958099310760417E-7
0.1625000000000002;1.1764484381232876;1.1764483184486907;1.1967459689898874E-7
0.1632812500000002;1.177367897582542;1.1773677778145275;1.1976801439494977E-7
0.16406250000000022;1.178288075650329;1.1782879557886634;1.198616654818352E-7
0.16484375000000023;1.1792089728881194;1.1792088529327311;1.19955388289128E-7
0.16562500000000024;1.1801305898578107;1.180130469808801;1.2004900962203635E-7
0.16640625000000026;1.1810529271222947;1.181052806979384;1.201429107311469E-7
0.16718750000000027;1.1819759852443212;1.1819758650074297;1.2023689155427064E-7
0.16796875000000028;1.1828997647872086;1.1828996444563282;1.2033088037100015E-7
0.1687500000000003;1.1838242663147014;1.1838241458899097;1.2042479169416254E-7
0.1695312500000003;1.1847494903913969;1.184749369872445;1.2051895192932705E-7
0.1703125000000003;1.1856754375817502;1.1856753169686463;1.2061310394884117E-7
0.17109375000000032;1.1866021084510692;1.1866019877436664;1.2070740273983915E-7
0.17187500000000033;1.1875295035649458;1.187529382763101;1.208018447496073E-7
0.17265625000000034;1.1884576234891142;1.1884575025929867;1.2089612755339374E-7
0.17343750000000036;1.1893864687904454;1.1893863477998028;1.2099064261583692E-7
0.17421875000000037;1.1903160400356683;1.1903159189504717;1.2108519653608596E-7
0.17500000000000038;1.1912463377922222;1.1912462166123585;1.211798636990835E-7
0.1757812500000004;1.192177362627831;1.192177241353272;1.2127455883970129E-7
0.1765625000000004;1.1931091151107864;1.1931089937414645;1.2136932192596817E-7
0.1773437500000004;1.1940415958098072;1.1940414743456327;1.2146417449621083E-7
0.17812500000000042;1.1949748052940379;1.1949746837349173;1.2155912054723217E-7
0.17890625000000043;1.1959087441330496;1.1959086224789046;1.2165414497999905E-7
0.17968750000000044;1.1968434128968397;1.1968432911476252;1.2174921448782072E-7
0.18046875000000046;1.197778812155974;1.197778690311556;1.2184441811058377E-7
0.18125000000000047;1.1987149424811605;1.198714820541619;1.2193954157524445E-7
0.18203125000000048;1.1996518044441018;1.1996516824091827;1.2203491905893316E-7
0.1828125000000005;1.2005893986163585;1.2005892764860628;1.2213029565444344E-7
0.1835937500000005;1.2015277255702017;1.2015276033445208;1.2222568090969332E-7
0.1843750000000005;1.202466785878613;1.2024666635572663;1.2232134682932383E-7
0.18515625000000052;1.2034065801142901;1.2034064576974561;1.2241683400304737E-7
0.18593750000000053;1.2043471088512092;1.2043469863386949;1.225125143555772E-7
0.18671875000000054;1.2052883726633468;1.2052882500550361;1.226083106153908E-7
0.18750000000000056;1.2062303721251055;1.2062302494209813;1.2270412419468357E-7
0.18828125000000057;1.2071731078114567;1.2071729850114816;1.2279997507746998E-7
0.18906250000000058;1.20811658029794;1.2081164574019367;1.2289600315185112E-7
0.1898437500000006;1.2090607901602368;1.2090606671681972;1.2299203966392724E-7
0.1906250000000006;1.2100057379745977;1.210005614886562;1.2308803554184067E-7
0.1914062500000006;1.2109514243181252;1.2109513011337825;1.231843427262902E-7
0.19218750000000062;1.2118978497677801;1.2118977264870592;1.232807209650133E-7
0.19296875000000063;1.2128450149010916;1.2128448915240446;1.2337704702325425E-7
0.19375000000000064;1.2137929202961573;1.2137927968228421;1.234733151278533E-7
0.19453125000000066;1.2147415665319272;1.2147414429620074;1.2356991985207344E-7
0.19531250000000067;1.2156909541870675;1.2156908305205483;1.2366651924722305E-7
0.19609375000000068;1.2166410838410968;1.2166409600779247;1.2376317215512245E-7
0.1968750000000007;1.21759195607396;1.21759183221405;1.2385991010610553E-7
0.1976562500000007;1.2185435714658865;1.2185434475092902;1.2395659632069567E-7
0.1984375000000007;1.219495930597958;1.2194958065444654;1.2405349258948206E-7
0.19921875000000072;1.2204490340513985;1.2204489099008495;1.241505489524286E-7
0.20000000000000073;1.221402882407716;1.2214027581601707;1.2424754536333182E-7
0.20078125000000074;1.2223574762492717;1.2223573519046116;1.2434466012400947E-7
0.20156250000000075;1.2233128161587103;1.2233126917168102;1.2444190011784428E-7
0.20234375000000077;1.2242689027189613;1.2242687781798596;1.2453910169796245E-7
0.20312500000000078;1.2252257365136643;1.2252256118773086;1.2463635568060738E-7
0.2039062500000008;1.2261833181268855;1.2261831933931622;1.2473372335009003E-7
0.2046875000000008;1.2271416481432595;1.2271415233118819;1.2483137767915764E-7
0.2054687500000008;1.2281007271472788;1.228100602218386;1.2492889278625796E-7
0.20625000000000082;1.2290605557245726;1.2290604306980495;1.2502652313450824E-7
0.20703125000000083;1.2300211344609124;1.2300210093367057;1.251242067734637E-7
0.20781250000000084;1.230982463942638;1.2309823387206447;1.2522199344111584E-7
0.20859375000000085;1.2319445447565158;1.231944419436616;1.2531989979081004E-7
0.20937500000000087;1.232907377489596;1.2329072520718267;1.2541776928109982E-7
0.21015625000000088;1.2338709627297817;1.2338708372139435;1.2551583816744483E-7
0.2109375000000009;1.234835301065118;1.234835175451092;1.2561402606969807E-7
0.2117187500000009;1.2358003930840766;1.2358002673718578;1.2571221885693262E-7
0.2125000000000009;1.2367662393755552;1.2367661135652859;1.2581026931357542E-7
0.21328125000000092;1.2377328405295884;1.237732714620882;1.259087063498754E-7
0.21406250000000093;1.2387001971357847;1.2387000711286134;1.2600717136379558E-7
0.21484375000000094;1.239668309784463;1.2396681836789067;1.261055562196134E-7
0.21562500000000095;1.2406371790667947;1.2406370528626516;1.2620414313602168E-7
0.21640625000000097;1.2416068055739515;1.2416066792711986;1.2630275292302429E-7
0.21718750000000098;1.2425771898978155;1.2425770634963609;1.2640145463649333E-7
0.217968750000001;1.243548332630695;1.243548206130414;1.2650028113903033E-7
0.218750000000001;1.244520234365325;1.2445201077660963;1.2659922865587703E-7
0.219531250000001;1.2454928956947242;1.2454927689966098;1.2669811444432355E-7
0.22031250000000102;1.2464663172127644;1.2464661904156193;1.2679714500585249E-7
0.22109375000000103;1.2474404995134591;1.2474403726172547;1.2689620443318006E-7
0.22187500000000104;1.2484154431913908;1.2484153161961091;1.2699528162407603E-7
0.22265625000000105;1.249391148841994;1.2493910217472413;1.2709475272210113E-7
0.22343750000000107;1.2503676170602773;1.2503674898661747;1.2719410258377195E-7
0.22421875000000108;1.251344848442244;1.251344721148898;1.27293346086077E-7
0.2250000000000011;1.25232284358475;1.2523227161918657;1.273928842415728E-7
0.2257812500000011;1.2533016030843669;1.2533014755919991;1.2749236777409578E-7
0.2265625000000011;1.2542811275386612;1.254280999946685;1.2759197609568673E-7
0.22734375000000112;1.2552614175456256;1.2552612898537783;1.276918473180899E-7
0.22812500000000113;1.256242473703253;1.2562423459116001;1.2779165281529004E-7
0.22890625000000114;1.2572242966103886;1.2572241687189396;1.2789144898661675E-7
0.22968750000000115;1.2582068868664464;1.2582067588750538;1.2799139259556114E-7
0.23046875000000117;1.2591902450711245;1.2591901169796684;1.2809145610859218E-7
0.23125000000000118;1.2601743718245473;1.2601742436329775;1.2819156980370394E-7
0.2320312500000012;1.2611592677274075;1.2611591394356443;1.2829176321282887E-7
0.2328125000000012;1.2621449333808243;1.2621448049888015;1.2839202279124606E-7
0.2335937500000012;1.2631313693864854;1.2631312408940518;1.284924335820392E-7
0.23437500000000122;1.2641185763463625;1.264118447753468;1.2859289455491307E-7
0.23515625000000123;1.2651065548628537;1.265106426169593;1.2869326071474063E-7
0.23593750000000124;1.26609530553921;1.2660951767454411;1.2879376876107074E-7
0.23671875000000125;1.2670848289791081;1.267084700084498;1.2889461009635284E-7
0.23750000000000127;1.2680751257860834;1.268074996790721;1.2899536239174836E-7
0.23828125000000128;1.2690661965646655;1.2690660674685388;1.2909612667755255E-7
0.2390625000000013;1.2700580419198104;1.2700579127228533;1.29196957132649E-7
0.2398437500000013;1.2710506624569007;1.2710505331590385;1.2929786219473272E-7
0.2406250000000013;1.2720440587820292;1.2720439293829422;1.2939908700104752E-7
0.24140625000000132;1.2730382315011468;1.2730381020008854;1.29500261403237E-7
0.24218750000000133;1.274033181220915;1.2740330516196627;1.2960125217453822E-7
0.24296875000000134;1.2750289085491318;1.275028778846543;1.297025886692893E-7
0.24375000000000135;1.2760254140933114;1.2760252842892708;1.2980404062723494E-7
0.24453125000000137;1.2770226984615363;1.2770225685560639;1.2990547237912153E-7
0.24531250000000138;1.2780207622627415;1.278020632255617;1.3000712462130082E-7
0.2460937500000014;1.2790196061057202;1.2790194759970994;1.3010862076612284E-7
0.2468750000000014;1.2800192306004021;1.280019100390157;1.302102450306819E-7
0.2476562500000014;1.2810196363570014;1.2810195060449125;1.3031208889735524E-7
0.24843750000000142;1.2820208239858744;1.282020693571965;1.3041390944934506E-7
0.24921875000000143;1.2830227940982297;1.2830226635823905;1.305158392472805E-7
0.25000000000000144;1.2840255473055606;1.2840254166877434;1.306178172288952E-7
0.25078125000000145;1.2850290842199286;1.2850289535000554;1.3071987314816624E-7
0.25156250000000147;1.2860334054539635;1.286033274631837;1.3082212646509106E-7
0.2523437500000015;1.2870385116204375;1.2870383806960772;1.3092436024209064E-7
0.2531250000000015;1.288044403332833;1.288044272306244;1.3102658913410892E-7
0.2539062500000015;1.2890510812053435;1.2890509500762848;1.3112905872247893E-7
0.2546875000000015;1.2900585458521618;1.2900584146206273;1.3123153452809788E-7
0.2554687500000015;1.291066797888334;1.2910666665541788;1.3133415510679924E-7
0.25625000000000153;1.2920758379291897;1.2920757064923278;1.3143686183880732E-7
0.25703125000000154;1.2930856665903434;1.2930855350509431;1.3153940026100486E-7
0.25781250000000155;1.2940962844886883;1.2940961528463752;1.316423130504063E-7
0.25859375000000157;1.2951076922406912;1.2951075604954567;1.3174523449954734E-7
0.2593750000000016;1.2961198904635296;1.2961197586155013;1.3184802827304054E-7
0.2601562500000016;1.2971328797755177;1.297132747824306;1.319512117348154E-7
0.2609375000000016;1.2981466607945435;1.2981465287401506;1.3205439297614419E-7
0.2617187500000016;1.2991612341393477;1.2991611019817975;1.3215755023665565E-7
0.2625000000000016;1.3001766004292392;1.3001764681684933;1.3226074591088377E-7
0.26328125000000163;1.3011927602840956;1.3011926279199681;1.323641274364462E-7
0.26406250000000164;1.3022097143240785;1.3022095818564372;1.3246764130059319E-7
0.26484375000000165;1.303227463169776;1.3032273305985995;1.3257117648102223E-7
0.26562500000000167;1.3042460074424866;1.30424587476764;1.3267484666457108E-7
0.2664062500000017;1.305265347763651;1.3052652149852284;1.3277842270120743E-7
0.2671875000000017;1.3062854847557048;1.3062853518735207;1.328821841450889E-7
0.2679687500000017;1.3073064190412254;1.3073062860551592;1.3298606615919084E-7
0.2687500000000017;1.3083281512433587;1.3083280181532726;1.3309008606299244E-7
0.2695312500000017;1.309350681985535;1.309350548791477;1.3319405800515938E-7
0.27031250000000173;1.310374011892037;1.310373878593875;1.3329816206386624E-7
0.27109375000000174;1.311398141587432;1.3113980081850583;1.334023738142065E-7
0.27187500000000175;1.3124230716967134;1.3124229381901054;1.3350660799105185E-7
0.27265625000000177;1.3134488028454427;1.3134486692345844;1.3361085837715336E-7
0.2734375000000018;1.3144753356598926;1.3144752019445514;1.3371534124395623E-7
0.2742187500000018;1.3155026707664774;1.315502536946553;1.3381992447492053E-7
0.2750000000000018;1.316530808792038;1.316530674867624;1.3392441400306154E-7
0.2757812500000018;1.3175597503644099;1.3175596163352905;1.3402911935855855E-7
0.2765625000000018;1.3185894961114286;1.3185893619775684;1.3413386024119234E-7
0.27734375000000183;1.3196200466616403;1.3196199124229646;1.3423867573081338E-7
0.27812500000000184;1.3206514026440175;1.3206512683004772;1.3434354029229212E-7
0.27890625000000185;1.321683564688243;1.321683430239596;1.3444864710443483E-7
0.27968750000000187;1.3227165334239999;1.3227163988703026;1.3455369729520328E-7
0.2804687500000019;1.3237503094819658;1.323750174823071;1.346588949235894E-7
0.2812500000000019;1.3247848934929607;1.3247847587288681;1.3476409255197552E-7
0.2820312500000019;1.3258202860885149;1.3258201512191536;1.3486936123463522E-7
0.2828125000000019;1.3268564879007272;1.3268563529258814;1.349748457446509E-7
0.2835937500000019;1.3278934995618386;1.3278933644814985;1.350803400246292E-7
0.28437500000000193;1.3289313217049425;1.3289311865189468;1.351859957310353E-7
0.28515625000000194;1.3299699549632749;1.3299698196716625;1.352916123575909E-7
0.28593750000000195;1.3310093999707817;1.331009264573577;1.3539720478128459E-7
0.28671875000000197;1.3320496573621199;1.3320495218591168;1.3550300304032703E-7
0.287500000000002;1.3330907277722304;1.3330905921632052;1.3560902512033124E-7
0.288281250000002;1.3341326118363384;1.334132476121261;1.3571507739840172E-7
0.289062500000002;1.3351753101902375;1.3351751743691995;1.3582103797205036E-7
0.289843750000002;1.336218823470574;1.3362186875434332;1.3592714087629076E-7
0.290625000000002;1.3372631523144207;1.3372630162808723;1.3603354842572912E-7
0.29140625000000203;1.338308297358708;1.3383081612189245;1.3613978344650945E-7
0.29218750000000204;1.3393542592416452;1.3393541229954953;1.362461499176959E-7
0.29296875000000205;1.3404010386017262;1.3404009022489896;1.3635273665713044E-7
0.29375000000000207;1.3414486360774447;1.3414484996183105;1.3645913421456157E-7
0.2945312500000021;1.3424970523087154;1.3424969157428606;1.3656585484689288E-7
0.2953125000000021;1.343546287935169;1.3435461512625428;1.366726261053941E-7
0.2960937500000021;1.3445963435971464;1.3445962068177593;1.367793871498435E-7
0.2968750000000021;1.3456472199358416;1.3456470830494134;1.368864281925397E-7
0.2976562500000021;1.346698917592164;1.346698780598909;1.3699325496219217E-7
0.29843750000000213;1.3477514372084443;1.3477513001081511;1.3710029311830851E-7
0.29921875000000214;1.3488047794271552;1.3488046422195472;1.372076079420026E-7
0.30000000000000215;1.3498589448907694;1.349858807576006;1.3731476333767034E-7
0.30078125000000216;1.3509139342430387;1.350913796820939;1.374220996996911E-7
0.3015625000000022;1.3519697481277149;1.3519696105982608;1.3752945404732486E-7
0.3023437500000022;1.35302638718926;1.3530262495523886;1.3763687145562642E-7
0.3031250000000022;1.354083852072847;1.354083714328244;1.3774460305704395E-7
0.3039062500000022;1.3551421434235067;1.3551420055712524;1.378522542783145E-7
0.3046875000000022;1.3562012618872643;1.3562011239273433;1.3795992104270738E-7
0.30546875000000223;1.3572612081107138;1.3572610700429513;1.3806776255620434E-7
0.30625000000000224;1.3583219827407333;1.3583218445650163;1.3817571709040521E-7
0.30703125000000225;1.3593835864246273;1.3593834481409837;1.3828364364698587E-7
0.30781250000000226;1.3604460198105528;1.3604458814188047;1.3839174806129506E-7
0.3085937500000023;1.361509283546809;1.3615091450469377;1.3849987134939568E-7
0.3093750000000023;1.3625733782824057;1.3625732396743466;1.3860805903043172E-7
0.3101562500000023;1.363638304667063;1.363638165950504;1.387165591282269E-7
0.3109375000000023;1.3647040633502172;1.364703924525389;1.3882482829963294E-7
0.3117187500000023;1.3657706549828674;1.3657705160494886;1.3893337880155343E-7
0.31250000000000233;1.3668380802158708;1.3668379411737996;1.3904207118997647E-7
0.31328125000000234;1.3679063397003688;1.367906200549826;1.391505428660622E-7
0.31406250000000235;1.3689754340889237;1.3689752948295815;1.3925934227998482E-7
0.31484375000000236;1.370045364033814;1.3700452246655899;1.3936822407245586E-7
0.3156250000000024;1.3711161301880281;1.3711159907108843;1.3947714383455434E-7
0.3164062500000024;1.3721877332052657;1.3721875936190087;1.395862569975037E-7
0.3171875000000024;1.373260173739368;1.3732600340440175;1.3969535039848324E-7
0.3179687500000024;1.374333452444887;1.3743333126404764;1.3980441049277204E-7
0.3187500000000024;1.3754075699770851;1.3754074300634627;1.399136224655706E-7
0.31953125000000243;1.3764825269916514;1.3764823869685656;1.4002308579286193E-7
0.32031250000000244;1.3775583241444167;1.3775581840118871;1.4013252958022804E-7
0.32109375000000245;1.3786349620920646;1.3786348218500413;1.4024202332763025E-7
0.32187500000000246;1.379712441491705;1.379712301140156;1.4035154904945557E-7
0.3226562500000025;1.3807907630011584;1.380790622539872;1.4046128637978939E-7
0.3234375000000025;1.3818699272785295;1.3818697867073453;1.4057118424837256E-7
0.3242187500000025;1.3829499349822072;1.3829497943012448;1.4068096243491368E-7
0.3250000000000025;1.384030786771575;1.384030645980755;1.4079082011342337E-7
0.3257812500000025;1.3851124833064432;1.3851123424055753;1.4090086786211486E-7
0.32656250000000253;1.3861950252470479;1.3861948842359213;1.4101112655318104E-7
0.32734375000000254;1.3872784132537674;1.3872782721325239;1.4112124357978928E-7
0.32812500000000255;1.3883626479881173;1.3883625067566303;1.4123148694977772E-7
0.32890625000000256;1.389447730112039;1.3894475887700053;1.4134203363269648E-7
0.3296875000000026;1.390533660287332;1.3905335188349304;1.4145240156970829E-7
0.3304687500000026;1.3916204391770748;1.3916202976142042;1.4156287053701533E-7
0.3312500000000026;1.3927080674447723;1.3927079257711446;1.4167362771821956E-7
0.3320312500000026;1.3937965457539292;1.3937964039695867;1.4178434248890426E-7
0.3328125000000026;1.3948858747690451;1.394885732873885;1.4189516006624103E-7
0.33359375000000263;1.3959760551549039;1.3959759131489133;1.420059905221649E-7
0.33437500000000264;1.3970670875771418;1.3970669454600646;1.4211707721756284E-7
0.33515625000000265;1.3981589727013954;1.3981588304732526;1.422281428187233E-7
0.33593750000000266;1.3992517111941538;1.3992515688549105;1.4233924328088676E-7
0.3367187500000027;1.4003453037224745;1.4003451612719935;1.4245048096661606E-7
0.3375000000000027;1.401439750953699;1.401439608391977;1.4256172220505903E-7
0.3382812500000027;1.4025350535561643;1.4025349108828586;1.426733056142382E-7
0.3390625000000027;1.4036312121979222;1.4036310694131584;1.4278476379026017E-7
0.3398437500000027;1.4047282275483042;1.404728084651918;1.428963862792898E-7
0.34062500000000273;1.4058261002767836;1.4058259572687026;1.4300808093281603E-7
0.34140625000000274;1.4069248310534022;1.4069246879336004;1.4311980178760564E-7
0.34218750000000275;1.4080244205489123;1.4080242773172236;1.4323168873175973E-7
0.34296875000000276;1.4091248694342084;1.409124726090708;1.4334350040279276E-7
0.3437500000000028;1.410226178381322;1.4102260349257145;1.4345560739315033E-7
0.3445312500000028;1.411328348062284;1.4113282044944289;1.4356785515978743E-7
0.3453125000000028;1.4124313791495524;1.4124312354695618;1.4367999057185443E-7
0.3460937500000028;1.4135352723165795;1.41353512852435;1.4379222945670733E-7
0.3468750000000028;1.414640028237244;1.4146398843325565;1.439046874995853E-7
0.34765625000000283;1.4157456475855668;1.4157455035684707;1.4401709602651636E-7
0.34843750000000284;1.4168521310365634;1.416851986906909;1.4412965443355574E-7
0.34921875000000285;1.4179594792655337;1.4179593350232154;1.4424231831178247E-7
0.35000000000000286;1.4190676929482038;1.4190675485932613;1.4435494244402491E-7
0.3507812500000029;1.4201767727612946;1.420176628293447;1.444678476847372E-7
0.3515625000000029;1.421286719381527;1.4212865748007009;1.445808262001691E-7
0.3523437500000029;1.4223975334861905;1.4223973887924806;1.446937099025547E-7
0.3531250000000029;1.423509215753569;1.423509070946773;1.448067958875754E-7
0.3539062500000029;1.4246217668622307;1.4246216219420955;1.449201352254903E-7
0.35468750000000293;1.4257351874908863;1.4257350424574953;1.4503339107463376E-7
0.35546875000000294;1.4268494783190988;1.42684933317255;1.4514654878006183E-7
0.35625000000000295;1.427964640027426;1.4279644947673689;1.452600570939211E-7
0.35703125000000296;1.4290806732962835;1.4290805279225929;1.4537369064093753E-7
0.357812500000003;1.4301975788066557;1.4301974333193943;1.4548726134933077E-7
0.358593750000003;1.4313153572403792;1.4313152116394783;1.4560090089155153E-7
0.359375000000003;1.4324340092797172;1.4324338635650824;1.457146348027294E-7
0.360156250000003;1.4335535356076434;1.4335533897789778;1.4582866558754404E-7
0.360937500000003;1.4346739369071315;1.4346737909644693;1.4594266217748952E-7
0.36171875000000303;1.4357952138620078;1.4357950678053952;1.4605661258215719E-7
0.36250000000000304;1.4369173671569513;1.4369172209861287;1.46170822556968E-7
0.36328125000000305;1.438040397476641;1.438040251191578;1.462850629518897E-7
0.36406250000000306;1.4391643055064662;1.439164159107186;1.4639928025417248E-7
0.3648437500000031;1.4402890919326694;1.4402889454189318;1.465137375866732E-7
0.3656250000000031;1.4414147574416347;1.4414146108133308;1.466283039430749E-7
0.3664062500000031;1.4425413027203149;1.4425411559774344;1.4674288051352846E-7
0.3671875000000031;1.4436687284565153;1.4436685815988313;1.4685768401356825E-7
0.3679687500000031;1.4447970353380413;1.4447968883656477;1.4697239358874015E-7
0.36875000000000313;1.445926224053693;1.445926076966547;1.470871460185208E-7
0.36953125000000314;1.447056295292981;1.4470561480907316;1.4720224950082184E-7
0.37031250000000315;1.4481872497452741;1.4481871024279422;1.473173318888854E-7
0.37109375000000316;1.4493190881007934;1.4493189406684586;1.474323347849804E-7
0.3718750000000032;1.4504518110506126;1.4504516635030997;1.475475128742687E-7
0.3726562500000032;1.45158541928609;1.4515852716232251;1.4766286482448265E-7
0.3734375000000032;1.4527199134990099;1.4527197657207342;1.477782756165169E-7
0.3742187500000032;1.4538552943818672;1.4538551464880674;1.4789379987334428E-7
0.3750000000000032;1.4549915626277254;1.454991414618206;1.4800951952942398E-7
0.37578125000000323;1.45612871892979;1.4561285708046732;1.4812511683892637E-7
0.37656250000000324;1.4572667639824033;1.4572666157415337;1.482408695796522E-7
0.37734375000000325;1.4584056984801919;1.4584055501233957;1.483567961813037E-7
0.37812500000000326;1.4595455231180665;1.459545374645409;1.4847265750184135E-7
0.3789062500000033;1.4606862385919328;1.4606860900032677;1.4858866514977365E-7
0.3796875000000033;1.4618278455979805;1.461827696893209;1.4870477160755513E-7
0.3804687500000033;1.46297034483311;1.4629701960120145;1.4882109544700484E-7
0.3812500000000033;1.4641137369943635;1.4641135880570106;1.4893735289511767E-7
0.3820312500000033;1.4652580227797785;1.4652578737260682;1.4905371026330272E-7
0.38281250000000333;1.4664032028878182;1.466403053717604;1.4917021418092702E-7
0.38359375000000334;1.4675492780173727;1.4675491287305804;1.4928679226144936E-7
0.38437500000000335;1.4686962488680422;1.4686960994645062;1.4940353598724698E-7
0.38515625000000336;1.4698441161397113;1.4698439666194367;1.495202746060187E-7
0.3859375000000034;1.4709928805331174;1.4709927308959745;1.4963714289883967E-7
0.3867187500000034;1.472142542749424;1.4721423929952697;1.4975415418838622E-7
0.3875000000000034;1.4732931034902208;1.4732929536190205;1.4987120033893575E-7
0.3882812500000034;1.4744445634576664;1.4744444134694732;1.499881931987801E-7
0.3890625000000034;1.4755969233549138;1.475596773249423;1.501054907038224E-7
0.38984375000000343;1.476750183885116;1.4767500336622152;1.502229007854794E-7
0.39062500000000344;1.4779043457518526;1.4779041954117436;1.5034010902859052E-7
0.39140625000000345;1.479059409660124;1.4790592592024525;1.504576714328465E-7
0.39218750000000346;1.4802153763146464;1.4802152257393375;1.5057530888817894E-7
0.3929687500000035;1.4813722464209889;1.4813720957279441;1.5069304470927136E-7
0.3937500000000035;1.4825300206851466;1.4825298698743703;1.508107763115163E-7
0.3945312500000035;1.4836886998138255;1.4836885488852647;1.509285607603772E-7
0.3953125000000035;1.4848482845144417;1.4848481334678294;1.5104661232889782E-7
0.3960937500000035;1.486008775494554;1.4860086243298185;1.5116473539578124E-7
0.39687500000000353;1.4871701734622889;1.4871700221795396;1.5128274921671903E-7
0.39765625000000354;1.4883324791267682;1.4883323277258533;1.5140091491616658E-7
0.39843750000000355;1.48949569319754;1.4894955416781752;1.5151936483270845E-7
0.39921875000000356;1.4906598163842943;1.4906596647464745;1.5163781985627622E-7
0.4000000000000036;1.4918248493975739;1.4918246976412757;1.5175629819452752E-7
0.4007812500000036;1.4929907929484898;1.4929906410736582;1.5187483159984083E-7
0.4015625000000036;1.4941576477488638;1.4941574957552577;1.519936061455951E-7
0.4023437500000036;1.4953254145106598;1.4953252623982658;1.5211239401402565E-7
0.4031250000000036;1.4964940939466942;1.4964939417154306;1.5223126359487082E-7
0.40390625000000363;1.4976636867703519;1.4976635344200575;1.5235029438009917E-7
0.40468750000000364;1.498834193695302;1.4988340412260093;1.524692927468152E-7
0.40546875000000365;1.5000056154362085;1.5000054628477064;1.525885020559059E-7
0.40625000000000366;1.5011779527078772;1.5011778000001283;1.5270774889053484E-7
0.4070312500000037;1.5023512062258249;1.5023510533988125;1.5282701237850915E-7
0.4078125000000037;1.5035253767064205;1.5035252237598562;1.5294656430242526E-7
0.4085937500000037;1.5047004648660334;1.5047003117999163;1.5306611711451978E-7
0.4093750000000037;1.5058764714218853;1.5058763182362094;1.5318567592181864E-7
0.4101562500000037;1.5070533970919087;1.507053243786513;1.5330539571145607E-7
0.41093750000000373;1.50823124259432;1.5082310891691655;1.5342515458094397E-7
0.41171875000000374;1.5094100086481888;1.5094098551030666;1.535451221723605E-7
0.41250000000000375;1.5105896959728682;1.5105895423076783;1.5366518990589384E-7
0.41328125000000376;1.5117703052882803;1.5117701515030242;1.5378525608511495E-7
0.4140625000000038;1.5129518373150574;1.5129516834096912;1.5390536622916784E-7
0.4148437500000038;1.5141342927745427;1.514134138748829;1.540257137389034E-7
0.4156250000000038;1.5153176723883632;1.5153175182421514;1.5414621179488108E-7
0.4164062500000038;1.5165019768784305;1.5165018226119358;1.542664946896366E-7
0.4171875000000038;1.517687206968077;1.517687052581024;1.5438705291970223E-7
0.41796875000000383;1.518873363380635;1.5188732088728234;1.545078116560461E-7
0.41875000000000384;1.5200604468398637;1.5200602922113062;1.546285575138029E-7
0.41953125000000385;1.5212484580703745;1.5212483033210107;1.5474936376769222E-7
0.42031250000000386;1.522437397797347;1.5224372429270412;1.5487030591287976E-7
0.4210937500000039;1.52362726674653;1.523627111755069;1.5499146099884342E-7
0.4218750000000039;1.5248180656439558;1.5248179105313326;1.5511262319023444E-7
0.4226562500000039;1.5260097952163676;1.5260096399826377;1.5523372987047424E-7
0.4234375000000039;1.527202456191361;1.5272023008363582;1.5535500286212311E-7
0.4242187500000039;1.5283960492969584;1.5283958938204367;1.5547652165714965E-7
0.42500000000000393;1.5295905752614658;1.5295904196633847;1.5559808108633888E-7
0.42578125000000394;1.5307860348139002;1.5307858790942828;1.557196174228892E-7
0.42656250000000395;1.531982428684131;1.5319822728427814;1.5584134960278107E-7
0.42734375000000396;1.53317975760217;1.5331796016391017;1.5596306823795203E-7
0.428125000000004;1.5343780222990233;1.5343778662140348;1.5608498848962427E-7
0.428906250000004;1.5355772235059817;1.535577067298944;1.5620703774921196E-7
0.429687500000004;1.536777361954762;1.536777205625763;1.563289990791361E-7
0.430468750000004;1.537978438378218;1.5379782819269983;1.564512197571588E-7
0.431250000000004;1.5391804535093456;1.5391802969357289;1.5657361673859782E-7
0.43203125000000403;1.540383408081567;1.5403832513856066;1.5669596042933165E-7
0.43281250000000404;1.5415873028291571;1.5415871460108563;1.568183007893964E-7
0.43359375000000405;1.5427921384872434;1.5427919815462772;1.5694096622276277E-7
0.43437500000000406;1.5439979157909534;1.5439977587272427;1.5706371070400849E-7
0.4351562500000041;1.545204635475983;1.5452044782897005;1.5718628243455157E-7
0.4359375000000041;1.5464122982793072;1.5464121409701739;1.5730913327516305E-7
0.4367187500000041;1.547620904938043;1.547620747505762;1.574322809894113E-7
0.4375000000000041;1.5488304561893074;1.5488302986341396;1.5755516780124879E-7
0.4382812500000041;1.5500409527717807;1.5500407950935577;1.576782229228968E-7
0.43906250000000413;1.5512523954244273;1.5512522376228455;1.5780158180156434E-7
0.43984375000000414;1.5524647848863538;1.5524646269614084;1.579249453431686E-7
0.44062500000000415;1.5536781218975193;1.5536779638492304;1.580482889007584E-7
0.44140625000000416;1.5548924071987358;1.5548922490268733;1.581718624965589E-7
0.4421875000000042;1.5561076415309572;1.5561074832354784;1.5829547872492356E-7
0.4429687500000042;1.55732382563599;1.5573236672167654;1.5841922462733748E-7
0.4437500000000042;1.5585409602560674;1.5585408017130347;1.585430327022408E-7
0.4445312500000042;1.5597590461339905;1.5597588874671655;1.5866682501197715E-7
0.4453125000000042;1.5609780840135556;1.560977925222619;1.587909366218554E-7
0.44609375000000423;1.5621980746384168;1.5621979157234367;1.5891498006403992E-7
0.44687500000000424;1.5634190187535069;1.5634188597142415;1.5903926531279922E-7
0.44765625000000425;1.564640917103759;1.564640757940239;1.5916351991940303E-7
0.44843750000000426;1.5658637704351008;1.5658636111472162;1.5928788466013089E-7
0.4492187500000043;1.5670875794940287;1.567087420081544;1.5941248476813996E-7
0.4500000000000043;1.5683123450271808;1.5683121854901756;1.5953700516213587E-7
0.4507812500000043;1.5695380677823323;1.5695379081206489;1.5966168342984588E-7
0.4515625000000043;1.5707647485075427;1.5707645887210855;1.59786457176736E-7
0.4523437500000043;1.5719923879514397;1.571992228040192;1.599112477990161E-7
0.45312500000000433;1.5732209868635039;1.5732208268272596;1.6003624425664498E-7
0.45390625000000434;1.574450545993642;1.5744503858321661;1.6016147585951046E-7
0.45468750000000435;1.575681066092045;1.5756809058053747;1.6028667038092692E-7
0.45546875000000436;1.5769125479097568;1.576912387497935;1.6041182182569003E-7
0.4562500000000044;1.5781449921986734;1.5781448316614837;1.6053718976394293E-7
0.4570312500000044;1.5793783997109756;1.5793782390482454;1.6066273023085387E-7
0.4578125000000044;1.5806127711992701;1.580612610411032;1.6078823805720788E-7
0.4585937500000044;1.5818481074171586;1.5818479465032442;1.6091391441541703E-7
0.4593750000000044;1.583084409118527;1.5830842480788714;1.610396556106508E-7
0.46015625000000443;1.5843216770579716;1.584321515892492;1.6116547962852223E-7
0.46093750000000444;1.5855599119907993;1.5855597506992745;1.6129152480282016E-7
0.46171875000000445;1.5867991146726013;1.5867989532549776;1.6141762371191248E-7
0.46250000000000446;1.5880392858596792;1.5880391243159504;1.6154372883825374E-7
0.4632812500000045;1.5892804263090454;1.5892802646391333;1.6166991212429593E-7
0.4640625000000045;1.5905225367784226;1.5905223749820583;1.617963643063547E-7
0.4648437500000045;1.5917656180256756;1.5917654561028496;1.6192282603633146E-7
0.4656250000000045;1.593009670809522;1.5930095087602234;1.6204929864649387E-7
0.4664062500000045;1.594254695889532;1.5942545337134895;1.621760425951635E-7
0.46718750000000453;1.5955006940252758;1.5955005317225508;1.6230272503747756E-7
0.46796875000000454;1.5967476659774604;1.596747503547904;1.6242955647172153E-7
0.46875000000000455;1.5979956125072192;1.5979954499506406;1.6255657864228112E-7
0.46953125000000456;1.5992445343759698;1.5992443716924465;1.626835233192736E-7
0.4703125000000046;1.6004944323462666;1.600494269535603;1.6281066361756302E-7
0.4710937500000046;1.6017453071809484;1.6017451442429875;1.6293796090138812E-7
0.4718750000000046;1.6029971596434223;1.6029969965780733;1.6306534900145664E-7
0.4726562500000046;1.6042499904976637;1.6042498273049304;1.6319273332676687E-7
0.4734375000000046;1.605503800508501;1.6055036371882259;1.63320275081702E-7
0.47421875000000463;1.6067585904411885;1.606758426993225;1.6344796360812097E-7
0.47500000000000464;1.6080143610615494;1.6080141974857902;1.6357575916003952E-7
0.47578125000000465;1.609271113135975;1.6092709494323836;1.637035913493179E-7
0.47656250000000466;1.610528847431567;1.6105286836000652;1.638315019203418E-7
0.4773437500000047;1.6117875647159963;1.6117874007564954;1.6395950086511846E-7
0.4781250000000047;1.6130472657575012;1.613047101669934;1.6408756731145502E-7
0.4789062500000047;1.6143079513251735;1.6143077871092415;1.64215931963696E-7
0.4796875000000047;1.6155696221881044;1.6155694578438795;1.6434422489552958E-7
0.4804687500000047;1.6168322791166645;1.6168321146439104;1.644727540828228E-7
0.48125000000000473;1.6180959228813663;1.6180957582799993;1.6460136698093208E-7
0.48203125000000474;1.6193605542532907;1.6193603895234125;1.647298781826123E-7
0.48281250000000475;1.6206261740045136;1.62062600914602;1.6485849352321225E-7
0.48359375000000476;1.621892782907679;1.6218926179202946;1.649873844211669E-7
0.4843750000000048;1.6231603817358575;1.6231602166193133;1.651165442151381E-7
0.4851562500000048;1.6244289712622617;1.6244288060167569;1.652455048350987E-7
0.4859375000000048;1.6256985522615253;1.6256983868869106;1.653746146690338E-7
0.4867187500000048;1.626969125508566;1.6269689600046655;1.655039005843406E-7
0.4875000000000048;1.6282406917787284;1.6282405261455177;1.6563321070250936E-7
0.48828125000000483;1.6295132518482092;1.6295130860855698;1.6576263939249714E-7
0.48906250000000484;1.6307868064937736;1.6307866406015306;1.658922430536336E-7
0.48984375000000485;1.6320613564926134;1.6320611904707163;1.6602189711889537E-7
0.49062500000000486;1.6333369026226308;1.6333367364710503;1.66151580494045E-7
0.4914062500000049;1.6346134456625805;1.6346132793810642;1.6628151633391042E-7
0.4921875000000049;1.6358909863913595;1.635890819979898;1.6641146149964925E-7
0.4929687500000049;1.6371695255887175;1.6371693590473007;1.665414168794399E-7
0.4937500000000049;1.6384490640352567;1.6384488973636304;1.666716262782586E-7
0.4945312500000049;1.6397296025118635;1.6397294357098557;1.668020077616461E-7
0.49531250000000493;1.6410111417998507;1.6410109748675552;1.6693229554221034E-7
0.49609375000000494;1.642293682681668;1.642293515618918;1.6706275007827287E-7
0.49687500000000495;1.6435772259400494;1.6435770587467453;1.671933040903184E-7
0.49765625000000496;1.6448617723584391;1.6448616050344493;1.6732398977481466E-7
0.498437500000005;1.64614732272085;1.6461471552660554;1.6745479469726376E-7
0.499218750000005;1.6474338778118636;1.6474337102262007;1.6758566290242527E-7
0.500000000000005;1.6487214384167714;1.6487212707001364;1.6771663502446188E-7
0.500781250000005;1.6500100053212918;1.6500098374737269;1.6784756495802355E-7
0.5015625000000049;1.6512995793121377;1.651299411333451;1.6797868673812388E-7
0.5023437500000049;1.6525901611764482;1.652589993066402;1.6811004610595148E-7
0.5031250000000048;1.653881751701789;1.6538815834602891;1.6824149984273618E-7
0.5039062500000048;1.6551743516764361;1.6551741833034361;1.683729999868433E-7
0.5046875000000047;1.6564679618893763;1.6564677933847836;1.6850459272355067E-7
0.5054687500000047;1.6577625831300224;1.6577624144938883;1.686361341679543E-7
0.5062500000000046;1.6590582161889245;1.6590580474209242;1.6876800024157035E-7
0.5070312500000046;1.6603548618566322;1.6603546929566835;1.6889994869373481E-7
0.5078125000000046;1.661652520924406;1.6616523518925752;1.690318307545624E-7
0.5085937500000045;1.662951194184643;1.6629510250206279;1.691640152401419E-7
0.5093750000000045;1.6642508824297408;1.6642507131334887;1.6929625212824817E-7
0.5101562500000044;1.6655515864530912;1.6655514170244243;1.6942866687408298E-7
0.5109375000000044;1.6668533070483704;1.6668531374873217;1.6956104875731626E-7
0.5117187500000043;1.6681560450101074;1.6681558753166874;1.696934199824085E-7
0.5125000000000043;1.6694598011338257;1.66945963130765;1.6982617578875647E-7
0.5132812500000042;1.670764576214765;1.670764406255959;1.6995880591785806E-7
0.5140625000000042;1.6720703710495854;1.6720702009579855;1.7009159991587808E-7
0.5148437500000042;1.6733771864353741;1.673377016210724;1.7022465015337218E-7
0.5156250000000041;1.674685023169502;1.6746848528117908;1.7035771127105193E-7
0.5164062500000041;1.675993882050335;1.6759937115594263;1.704909087241191E-7
0.517187500000004;1.6773037638765231;1.6773035932524945;1.7062402868361914E-7
0.517968750000004;1.6786146694478532;1.6786144986904834;1.707573697995457E-7
0.5187500000000039;1.6799265995643964;1.6799264286735067;1.7089088966137922E-7
0.5195312500000039;1.6812395550266501;1.6812393840023028;1.7102434735072336E-7
0.5203125000000038;1.6825535366362487;1.6825533654782359;1.711580128738177E-7
0.5210937500000038;1.6838685451952529;1.683868373903297;1.7129195595266822E-7
0.5218750000000038;1.6851845815058653;1.6851844100801034;1.7142576180795288E-7
0.5226562500000037;1.6865016463715676;1.6865014748118998;1.7155966780535437E-7
0.5234375000000037;1.6878197405964102;1.687819568902559;1.716938511364674E-7
0.5242187500000036;1.689138864984585;1.6891386931565817;1.7182800338133575E-7
0.5250000000000036;1.6904590203412795;1.6904588483790974;1.7196218204951208E-7
0.5257812500000035;1.691780207472533;1.691780035375865;1.7209666802742163E-7
0.5265625000000035;1.6931024271845274;1.6931022549532733;1.72231254147448E-7
0.5273437500000034;1.694425680284155;1.6944255079183408;1.723658142882556E-7
0.5281250000000034;1.695749967579161;1.6957497950787173;1.7250044370697992E-7
0.5289062500000034;1.6970752898780006;1.6970751172426832;1.7263531737476967E-7
0.5296875000000033;1.6984016479894137;1.6984014752191516;1.72770262096833E-7
0.5304687500000033;1.6997290427228506;1.6997288698176667;1.72905183948302E-7
0.5312500000000032;1.7010574748888985;1.701057301848406;1.730404923794282E-7
0.5320312500000032;1.7023869452978602;1.7023867721221806;1.731756795742001E-7
0.5328125000000031;1.7037174547613176;1.703717281450434;1.7331088364436198E-7
0.5335937500000031;1.7050490040917055;1.7050488306452452;1.7344646030537092E-7
0.534375000000003;1.706381594101316;1.7063814205193273;1.735819887827006E-7
0.535156250000003;1.707715225603721;1.7077150518860285;1.7371769245322355E-7
0.535937500000003;1.7090498994127756;1.709049725559333;1.7385344253106894E-7
0.5367187500000029;1.7103856163431885;1.710385442353861;1.7398932761203412E-7
0.5375000000000029;1.7117223772102363;1.7117222030848693;1.7412536701399972E-7
0.5382812500000028;1.7130601828296221;1.713060008568252;1.7426137022269472E-7
0.5390625000000028;1.7143990340180437;1.7143988596205406;1.74397503105439E-7
0.5398437500000027;1.7157389315927674;1.715738757058905;1.745338622516357E-7
0.5406250000000027;1.7170798763714856;1.7170797017011543;1.7467033130991183E-7
0.5414062500000026;1.7184218691724595;1.7184216943657356;1.7480672398484387E-7
0.5421875000000026;1.719764910815229;1.7197647358717363;1.7494349280333665E-7
0.5429687500000026;1.72110900211905;1.7211088270388843;1.750801656985601E-7
0.5437500000000025;1.7224541439044572;1.7224539686875473;1.7521690987010174E-7
0.5445312500000025;1.7238003369926957;1.723800161638735;1.7535396068524278E-7
0.5453125000000024;1.7251475822051532;1.7251474067140984;1.7549105479908178E-7
0.5460937500000024;1.7264958803640695;1.7264957047359306;1.7562813892091356E-7
0.5468750000000023;1.7278452322925375;1.7278450565271672;1.757653702583184E-7
0.5476562500000023;1.7291956388142182;1.7291954629113877;1.7590283052371092E-7
0.5484375000000022;1.730547100753057;1.7305469247128145;1.7604024260542417E-7
0.5492187500000022;1.7318996189341362;1.7318994427563144;1.7617782188672493E-7
0.5500000000000022;1.7332531941828222;1.733253017867399;1.7631542315044157E-7
0.5507812500000021;1.7346078273254761;1.734607650872225;1.7645325112169985E-7
0.5515625000000021;1.7359635191888856;1.735963342597595;1.7659129047942201E-7
0.552343750000002;1.7373202706002644;1.7373200938709576;1.7672930674450527E-7
0.553125000000002;1.7386780823878212;1.738677905520408;1.7686741315969812E-7
0.5539062500000019;1.7400369553801909;1.7400367783746886;1.7700550225541178E-7
0.5546875000000019;1.7413968904071453;1.7413967132631896;1.7714395572632213E-7
0.5554687500000018;1.7427578882984562;1.7427577110159498;1.7728250645276944E-7
0.5562500000000018;1.744119949884606;1.744119772463656;1.7742095015371717E-7
0.5570312500000018;1.745483075997214;1.7454828984376445;1.775595694919474E-7
0.5578125000000017;1.7468472674681834;1.7468470897699016;1.776982818668671E-7
0.5585937500000017;1.7482125251302705;1.7482123472930635;1.778372069605183E-7
0.5593750000000016;1.7495788498166576;1.7495786718404176;1.779762399678475E-7
0.5601562500000016;1.7509462423612376;1.750946064245902;1.781153355917553E-7
0.5609375000000015;1.7523147035987563;1.752314525344107;1.7825464926346513E-7
0.5617187500000015;1.7536842343642434;1.753684055970275;1.7839396826424547E-7
0.5625000000000014;1.7550548354935813;1.7550546569603012;1.7853328015959846E-7
0.5632812500000014;1.7564265078235053;1.7564263291507338;1.7867277146699223E-7
0.5640625000000014;1.7577992521911767;1.7577990733787754;1.7881240133021947E-7
0.5648437500000013;1.7591730694344676;1.7591728904822825;1.7895218507035793E-7
0.5656250000000013;1.7605479603919605;1.7605477812997667;1.7909219374168117E-7
0.5664062500000012;1.7619239259025221;1.761923746670395;1.7923212713988335E-7
0.5671875000000012;1.763300966806014;1.7633007874339894;1.7937202456685952E-7
0.5679687500000011;1.7646790839432924;1.7646789044310294;1.7951226305434886E-7
0.5687500000000011;1.7660582781553558;1.7660580985026508;1.7965270493469632E-7
0.569531250000001;1.7674385502837708;1.7674383704906471;1.7979312372240486E-7
0.570312500000001;1.768819901170957;1.7688197212374692;1.7993348788714059E-7
0.571093750000001;1.7702023316603288;1.7702021515862267;1.8007410207410146E-7
0.5718750000000009;1.7715858425955844;1.7715856623806885;1.8021489589514772E-7
0.5726562500000009;1.7729704348211328;1.7729702544652823;1.8035585047648794E-7
0.5734375000000008;1.7743561091818094;1.7743559286850965;1.8049671290931713E-7
0.5742187500000008;1.7757428665235864;1.775742685885879;1.8063770745868624E-7
0.5750000000000007;1.7771307076931464;1.7771305269140396;1.8077910679537013E-7
0.5757812500000007;1.778519633536888;1.7785194526166495;1.8092023856830508E-7
0.5765625000000006;1.7799096449030571;1.779909463841441;1.810616161446177E-7
0.5773437500000006;1.7813007426400418;1.7813005614368105;1.8120323130865756E-7
0.5781250000000006;1.7826929275965142;1.782692746251816;1.8134469814690135E-7
0.5789062500000005;1.7840862006227098;1.78408601913618;1.8148652980443103E-7
0.5796875000000005;1.785480562568722;1.785480380940289;1.816284329603235E-7
0.5804687500000004;1.7868760142854967;1.7868758325151937;1.8177030303156982E-7
0.5812500000000004;1.7882725566249746;1.7882723747126101;1.819123645052656E-7
0.5820312500000003;1.789670190439523;1.7896700083849202;1.820546027264669E-7
0.5828125000000003;1.791068916582077;1.791068734385172;1.8219690511855902E-7
0.5835937500000002;1.792468735906283;1.7924685535670797;1.8233920329180364E-7
0.5843750000000002;1.7938696492666395;1.7938694667850255;1.8248161404166297E-7
0.5851562500000002;1.7952716575183558;1.7952714748940588;1.8262429701820793E-7
0.5859375000000001;1.7966747615170675;1.7966745787498979;1.827671696208455E-7
0.5867187500000001;1.7980789621188364;1.7980787792089292;1.8290990722036327E-7
0.5875;1.7994842601811456;1.7994840771282086;1.8305293703058112E-7
0.58828125;1.800890656561478;1.8008904733654623;1.8319601569061206E-7
0.5890624999999999;1.8022981521181691;1.8022979687790859;1.8333908324841275E-7
0.5898437499999999;1.8037067477105495;1.803706564228147;1.8348240260479542E-7
0.5906249999999998;1.8051164441982337;1.8051162605723836;1.8362585008091514E-7
0.5914062499999998;1.8065272424415468;1.8065270586722066;1.83769340189599E-7
0.5921874999999998;1.8079391433016667;1.8079389593886985;1.8391296818798253E-7
0.5929687499999997;1.8093521476403396;1.8093519635836155;1.840567240840585E-7
0.5937499999999997;1.81076625631988;1.8107660721193866;1.8420049352485535E-7
0.5945312499999996;1.8121814702035977;1.8121812858591153;1.8434448234572187E-7
0.5953124999999996;1.813597790155228;1.8135976056665797;1.8448864835818313E-7
0.5960937499999995;1.8150152170390754;1.8150150324062329;1.846328425703092E-7
0.5968749999999995;1.8164337517202966;1.8164335669432032;1.8477709340380954E-7
0.5976562499999994;1.817853395064759;1.8178532101432958;1.8492146325321812E-7
0.5984374999999994;1.8192741479388985;1.819273962872992;1.8506590659939093E-7
0.5992187499999994;1.8206960112101456;1.8206958259994503;1.852106952249244E-7
0.5999999999999993;1.8221189857459308;1.8221188003905078;1.853554230102361E-7
0.6007812499999993;1.8235430724149637;1.8235428869146784;1.855002853545784E-7
0.6015624999999992;1.8249682720865223;1.8249680864411562;1.8564536619081196E-7
0.6023437499999992;1.8263945856301689;1.8263943998398136;1.8579035532262367E-7
0.6031249999999991;1.8278220139167445;1.8278218279812033;1.8593554118595534E-7
0.6039062499999991;1.8292505578173746;1.8292503717365585;1.860808160891736E-7
0.604687499999999;1.8306802182040371;1.830680031977793;1.8622624420316924E-7
0.605468749999999;1.8321109959494208;1.8321108095775023;1.8637191856463176E-7
0.606249999999999;1.8335428919264984;1.833542705408964;1.8651753452836317E-7
0.6070312499999989;1.8349759070093796;1.8349757203461374;1.8666324219651642E-7
0.6078124999999989;1.8364100420728846;1.836409855263666;1.8680921853864163E-7
0.6085937499999988;1.8378452979919757;1.8378451110368763;1.8695509940158672E-7
0.6093749999999988;1.8392816756430364;1.8392814885417785;1.8710125782028797E-7
0.6101562499999987;1.840719175902592;1.8407189886550686;1.872475234865334E-7
0.6109374999999987;1.842157799648021;1.8421576122541263;1.8739389462396616E-7
0.6117187499999986;1.8435975477574118;1.8435973602170186;1.8754039321500215E-7
0.6124999999999986;1.8450384211092796;1.8450382334224973;1.8768678233804792E-7
0.6132812499999986;1.8464804205835605;1.8464802327500018;1.8783355870688467E-7
0.6140624999999985;1.8479235470600486;1.847923359079659;1.8798038947664963E-7
0.6148437499999985;1.8493678014195325;1.8493676132922832;1.8812724933425784E-7
0.6156249999999984;1.8508131845437958;1.8508129962693771;1.882744187220453E-7
0.6164062499999984;1.8522596973146221;1.8522595088931328;1.884214892999836E-7
0.6171874999999983;1.853707340615074;1.8537071520464312;1.885686427005595E-7
0.6179687499999983;1.8551561153290663;1.855155926612844;1.8871622242677688E-7
0.6187499999999982;1.8566060223403724;1.8566058334766329;1.8886373953641566E-7
0.6195312499999982;1.8580570625339021;1.8580568735227507;1.8901115139691171E-7
0.6203124999999982;1.8595092367957022;1.859509047636842;1.8915886013104455E-7
0.6210937499999981;1.8609625460121038;1.860962356705244;1.8930685974360983E-7
0.6218749999999981;1.862416991069722;1.862416801614986;1.8945473589937478E-7
0.622656249999998;1.863872572856593;1.8638723832537905;1.8960280256941076E-7
0.623437499999998;1.8653292922610376;1.8653291025100744;1.897509631643146E-7
0.6242187499999979;1.8667871501722288;1.8667869602729483;1.8989928052270955E-7
0.6249999999999979;1.8682461474799084;1.8682459574322186;1.9004768980757092E-7
0.6257812499999978;1.8697062850745283;1.8697060948783857;1.9019614261317486E-7
0.6265624999999978;1.8711675638475356;1.8711673735026475;1.9034488807356809E-7
0.6273437499999978;1.8726299846906613;1.8726297941968975;1.904937638741444E-7
0.6281249999999977;1.8740935484963472;1.8740933578537267;1.906426205788847E-7
0.6289062499999977;1.8755582561578876;1.875558065366423;1.9079146462708252E-7
0.6296874999999976;1.8770241085695716;1.8770239176289734;1.9094059822144516E-7
0.6304687499999976;1.8784911066259724;1.878490915536063;1.9108990945149174E-7
0.6312499999999975;1.879959251222374;1.8799590599830764;1.9123929750897162E-7
0.6320312499999975;1.8814285432547706;1.881428351866098;1.9138867268786441E-7
0.6328124999999974;1.8828989836201515;1.882898792081912;1.9153823949125126E-7
0.6335937499999974;1.8843705732159322;1.8843703815280044;1.91687927753037E-7
0.6343749999999974;1.8858433129403807;1.885843121102562;1.9183781874154704E-7
0.6351562499999973;1.8873172036921915;1.8873170117044737;1.9198771772366285E-7
0.6359374999999973;1.8887922463710538;1.888792054233331;1.9213772284309982E-7
0.6367187499999972;1.8902684418773674;1.8902682495894285;1.9228793890491147E-7
0.6374999999999972;1.8917457911119584;1.8917455986737644;1.9243819404657359E-7
0.6382812499999971;1.8932242949766476;1.893224102388041;1.925886066178606E-7
0.6390624999999971;1.8947039543738242;1.8947037616346654;1.927391588552041E-7
0.639843749999997;1.8961847702065882;1.89618457731675;1.9288983810206162E-7
0.640624999999997;1.8976667433786076;1.8976665503381132;1.9304049447832483E-7
0.641406249999997;1.8991498747945457;1.8991496816032791;1.931912665398272E-7
0.6421874999999969;1.900634165359918;1.9006339720174796;1.9334243828161846E-7
0.6429687499999969;1.90211961598024;1.902119422486654;1.9349358604259237E-7
0.6437499999999968;1.9036062275621646;1.9036060339174488;1.9364471581795328E-7
0.6445312499999968;1.9050940010131967;1.9050938072172199;1.937959768216757E-7
0.6453124999999967;1.9065829372415521;1.9065827432940319;1.939475202661356E-7
0.6460937499999967;1.908073037155873;1.9080728430566598;1.940992131466146E-7
0.6468749999999966;1.9095643016653696;1.909564107414588;1.9425078168211485E-7
0.6476562499999966;1.9110567316805316;1.911056537278012;1.9440251963764865E-7
0.6484374999999966;1.9125503281124168;1.9125501335578388;1.9455457800354736E-7
0.6492187499999965;1.9140450918723673;1.9140448971656876;1.9470667966814403E-7
0.6499999999999965;1.9155410238725779;1.9155408290138893;1.9485868851809585E-7
0.6507812499999964;1.9170381250265223;1.9170379300154885;1.9501103376562412E-7
0.6515624999999964;1.9185363962478164;1.9185362010842433;1.951635730801371E-7
0.6523437499999963;1.9200358384506444;1.9200356431346257;1.953160186918268E-7
0.6531249999999963;1.9215364525504697;1.9215362570818224;1.9546864726827096E-7
0.6539062499999962;1.9230382394631818;1.9230380438417358;1.956214459308825E-7
0.6546874999999962;1.9245412001052387;1.9245410043309836;1.9577425502959045E-7
0.6554687499999962;1.9260453353942353;1.9260451394669003;1.9592733502271642E-7
0.6562499999999961;1.9275506462480507;1.9275504501675371;1.9608051360364698E-7
0.6570312499999961;1.9290571335854168;1.9290569373516628;1.962337539129777E-7
0.657812499999996;1.9305647983259178;1.9305646019387643;1.9638715342829016E-7
0.658593749999996;1.9320736413895645;1.932073444849047;1.9654051741646583E-7
0.6593749999999959;1.9335836636975046;1.9335834670034355;1.9669406903233266E-7
0.6601562499999959;1.935094866171596;1.9350946693235744;1.96848021660756E-7
0.6609374999999958;1.9366072497336972;1.9366070527318286;1.9700186859594737E-7
0.6617187499999958;1.9381208153069451;1.9381206181512833;1.9715566179634436E-7
0.6624999999999958;1.9396355638154716;1.9396353665057458;1.9730972589115936E-7
0.6632812499999957;1.9411514961836929;1.941151298719745;1.9746394785968846E-7
0.6640624999999957;1.9426686133368776;1.9426684157185328;1.9761834479936624E-7
0.6648437499999956;1.944186916201005;1.9441867184280839;1.977729211510848E-7
0.6656249999999956;1.9457064057024809;1.9457062077750968;1.9792738403801025E-7
0.6664062499999955;1.9472270827689897;1.947226884686994;1.98081995694821E-7
0.6671874999999955;1.9487489483287845;1.9487487500919234;1.9823686114861516E-7
0.6679687499999954;1.9502720033105447;1.9502718049187577;1.9839178699854187E-7
0.6687499999999954;1.9517962486439444;1.9517960500970961;1.985468482956776E-7
0.6695312499999954;1.9533216852593682;1.953321486557264;1.9870210432593183E-7
0.6703124999999953;1.9548483140876272;1.9548481152303139;1.9885731328272982E-7
0.6710937499999953;1.956376136060669;1.9563759370480258;1.990126432538375E-7
0.6718749999999952;1.9579051521112945;1.9579049529429087;1.9916838578382112E-7
0.6726562499999952;1.9594353631721617;1.9594351638481997;1.9932396200239566E-7
0.6734374999999951;1.9609667701774924;1.9609665706978652;1.9947962726085677E-7
0.6742187499999951;1.9624993740622187;1.962499174426602;1.9963561670444108E-7
0.674999999999995;1.964033175761557;1.9640329759698374;1.997917196128185E-7
0.675781249999995;1.9655681762115762;1.9655679762637295;1.9994784672405785E-7
0.676562499999995;1.967104376349198;1.967104176245168;2.0010403001258226E-7
0.6773437499999949;1.9686417771121967;1.968641576851775;2.0026042157894608E-7
0.6781249999999949;1.970180379438915;1.9701801790219058;2.0041700921069605E-7
0.6789062499999948;1.9717201842682641;1.9717199836946484;2.0057361571623744E-7
0.6796874999999948;1.973261192540292;1.973260991809825;2.0073046713697806E-7
0.6804687499999947;1.9748034051953312;1.9748032043079926;2.0088733854173313E-7
0.6812499999999947;1.9763468231747083;1.9763466221304427;2.0104426567968403E-7
0.6820312499999946;1.9778914474206033;1.977891246219203;2.0120140020729593E-7
0.6828124999999946;1.979437278875622;1.9794370775170373;2.0135858469494394E-7
0.6835937499999946;1.9809843184835074;1.9809841169674463;2.0151606117124743E-7
0.6843749999999945;1.9825325671881444;1.9825323655146678;2.0167347658528456E-7
0.6851562499999945;1.984082025934697;1.9840818241036777;2.0183101923088032E-7
0.6859374999999944;1.9856326956690395;1.9856324936801908;2.0198884875810563E-7
0.6867187499999944;1.987184577337473;1.9871843751906606;2.0214681240027232E-7
0.6874999999999943;1.9887376718870087;1.9887374695822806;2.0230472808080435E-7
0.6882812499999943;1.9902919802657948;1.990291777802984;2.0246281073887928E-7
0.6890624999999942;1.991847503422548;1.991847300801446;2.0262110211888285E-7
0.6898437499999942;1.9934042423065534;1.9934040395270818;2.0277947165858734E-7
0.6906249999999942;1.9949621978679488;1.9949619949300499;2.0293789892988912E-7
0.6914062499999941;1.9965213710577245;1.9965211679612505;2.0309647408289777E-7
0.6921874999999941;1.9980817628275815;1.9980815595723276;2.0325525396103217E-7
0.692968749999994;1.9996433741297892;1.9996431707156685;2.034141206586071E-7
0.693749999999994;2.0012062059174696;2.0012060023444054;2.0357306418361532E-7
0.6945312499999939;2.0027702591445973;2.0027700554124146;2.0373218267977222E-7
0.6953124999999939;2.0043355347658576;2.004335330874319;2.038915387636564E-7
0.6960937499999938;2.00590203373622;2.0059018296854862;2.040507336431574E-7
0.6968749999999938;2.007469757012359;2.0074695528020317;2.0421032731476885E-7
0.6976562499999938;2.0090387055506653;2.009038501180818;2.0436984726757146E-7
0.6984374999999937;2.0106088803089506;2.0106086757794546;2.0452949600624493E-7
0.6992187499999937;2.012180282245879;2.012180077556301;2.046895781759872E-7
0.6999999999999936;2.0137529123198306;2.0137527074704638;2.0484936680276178E-7
0.7007812499999936;2.015326771491175;2.0153265664818005;2.050093743655168E-7
0.7015624999999935;2.0169018607205658;2.0169016555509187;2.051696470495301E-7
0.7023437499999935;2.0184781809692254;2.0184779756391764;2.0533004896350349E-7
0.7031249999999934;2.020055733199513;2.020055527708683;2.0549082968557286E-7
0.7039062499999934;2.021634518373503;2.0216343127223007;2.0565120228965839E-7
0.7046874999999934;2.0232145374555444;2.0232143316436417;2.0581190263158078E-7
0.7054687499999933;2.0247957914099857;2.024795585437075;2.059729107273256E-7
0.7062499999999933;2.0263782812011755;2.02637807506772;2.0613345563802454E-7
0.7070312499999932;2.0279620077963045;2.0279618015014518;2.062948527559172E-7
0.7078124999999932;2.0295469721611425;2.0295467657049016;2.0645624099202564E-7
0.7085937499999931;2.0311331752628803;2.0311329686454536;2.066174267234544E-7
0.7093749999999931;2.0327206180701296;2.03272041129125;2.067788797965875E-7
0.710156249999993;2.0343093015515024;2.034309094611188;2.0694031421797376E-7
0.710937499999993;2.0358992266770315;2.035899019574924;2.071021074634416E-7
0.711718749999993;2.037490394417034;2.037490187152871;2.0726416316563245E-7
0.7124999999999929;2.039082805742396;2.0390825983162006;2.0742619533109519E-7
0.7132812499999929;2.0406764616251394;2.0406762540368435;2.0758829588629624E-7
0.7140624999999928;2.0422713630378553;2.04227115528749;2.077503653552526E-7
0.7148437499999928;2.0438675109542714;2.04386730304159;2.0791268129372042E-7
0.7156249999999927;2.045464906348684;2.045464698273356;2.080753280786496E-7
0.7164062499999927;2.0470635501959578;2.04706334195776;2.082381977963621E-7
0.7171874999999927;2.0486634434712414;2.048663235070537;2.0840070424910095E-7
0.7179687499999926;2.0502645871516734;2.0502643785881838;2.085634895898636E-7
0.7187499999999926;2.0518669822146762;2.0518667734879616;2.0872671457894398E-7
0.7195312499999925;2.0534706296376726;2.053470420747894;2.088897783636412E-7
0.7203124999999925;2.0550755303997903;2.0550753213467705;2.0905301978402235E-7
0.7210937499999924;2.0566816854804415;2.056681476264144;2.0921629761971872E-7
0.7218749999999924;2.058289095860175;2.0582888864803337;2.0937984146485178E-7
0.7226562499999923;2.0598977625198245;2.0598975529764254;2.0954339907675035E-7
0.7234374999999923;2.0615076864413595;2.061507476734271;2.0970708858314424E-7
0.7242187499999923;2.063118868607603;2.06311865873649;2.0987111293280236E-7
0.7249999999999922;2.0647313100016618;2.0647310999664703;2.1003519146134408E-7
0.7257812499999922;2.0663450116077797;2.0663448014083676;2.1019941209843296E-7
0.7265624999999921;2.067959974410769;2.0679597640471075;2.1036366160132047E-7
0.7273437499999921;2.069576199396579;2.0695759888683845;2.1052819443312387E-7
0.728124999999992;2.0711936875514425;2.0711934768586646;2.106927778910972E-7
0.728906249999992;2.072812439862446;2.0728122290051836;2.1085726231717672E-7
0.7296874999999919;2.074432457317812;2.0744322462959497;2.110218622064508E-7
0.7304687499999919;2.076053740906616;2.0760535297197427;2.111868733223332E-7
0.7312499999999919;2.077676291618218;2.0776760802661163;2.1135210159783924E-7
0.7320312499999918;2.0793001104425457;2.079299898925396;2.1151714957312606E-7
0.7328124999999918;2.080925198371233;2.0809249866886828;2.116825501552455E-7
0.7335937499999917;2.082551556395913;2.082551344547851;2.1184806175966742E-7
0.7343749999999917;2.084179185509072;2.0841789734955514;2.1201352051747335E-7
0.7351562499999916;2.0858080867043327;2.085807874525209;2.121791236042725E-7
0.7359374999999916;2.087438260976171;2.087438048631027;2.123451441349289E-7
0.7367187499999915;2.0890697093190624;2.0890694968079844;2.1251107806818936E-7
0.7374999999999915;2.0907024327289037;2.090702220051838;2.1267706573624423E-7
0.7382812499999915;2.092336432202444;2.0923362193591233;2.1284332074600343E-7
0.7390624999999914;2.093971708736717;2.0939714957271542;2.1300956287717554E-7
0.7398437499999914;2.0956082633301776;2.0956080501540244;2.1317615317428817E-7
0.7406249999999913;2.0972460969815643;2.0972458836386076;2.1334295663422154E-7
0.7414062499999913;2.0988852106901845;2.098884997180558;2.1350962642330273E-7
0.7421874999999912;2.1005256054564825;2.100525391780311;2.1367617142331596E-7
0.7429687499999912;2.1021672822823234;2.102167068439084;2.138432395604184E-7
0.7437499999999911;2.1038102421695726;2.103810028158877;2.1401069538740103E-7
0.7445312499999911;2.1054544861203794;2.105454271942474;2.1417790563305061E-7
0.745312499999991;2.107100015138599;2.1070998007934403;2.1434515851126434E-7
0.746093749999991;2.108746830228654;2.108746615716128;2.1451252596449422E-7
0.746874999999991;2.1103949323958204;2.1103947177156726;2.1468014788084133E-7
0.7476562499999909;2.112044322646227;2.1120441077979963;2.1484823076178827E-7
0.7484374999999909;2.1136950019860024;2.1136947869698073;2.1501619507091618E-7
0.7492187499999908;2.115346971422696;2.1153467562385995;2.151840963193763E-7
0.7499999999999908;2.117000231964994;2.1170000166126552;2.1535233862834957E-7
0.7507812499999907;2.118654784621583;2.1186545691010448;2.155205383047587E-7
0.7515624999999907;2.120310630402571;2.1203104147136265;2.156889444826504E-7
0.7523437499999907;2.1219677703186335;2.121967554461049;2.1585758469555572E-7
0.7531249999999906;2.123626205381015;2.1236259893547493;2.1602626576466832E-7
0.7539062499999906;2.125285936602097;2.1252857204069566;2.1619514045667643E-7
0.7546874999999905;2.126946964994829;2.12694674863069;2.1636413904957408E-7
0.7554687499999905;2.1286092915730137;2.128609075039761;2.1653325266157708E-7
0.7562499999999904;2.1302729173510215;2.130272700648773;2.1670224858993947E-7
0.7570312499999904;2.1319378433449288;2.131937626473122;2.1687180673524153E-7
0.7578124999999903;2.1336040705705273;2.1336038535289994;2.170415278612836E-7
0.7585937499999903;2.1352716000441774;2.1352713828333885;2.1721078891090428E-7
0.7593749999999903;2.136940432784513;2.1369402154040684;2.1738044475583251E-7
0.7601562499999902;2.1386105698101687;2.1386103522596143;2.175505544599332E-7
0.7609374999999902;2.1402820121400623;2.140281794419397;2.1772066549630154E-7
0.7617187499999901;2.1419547607945333;2.141954542903583;2.178909501715509E-7
0.7624999999999901;2.1436288167942052;2.1436285987331383;2.1806106698107897E-7
0.76328124999999;2.145304181161123;2.145303962929824;2.1823129880971237E-7
0.76406249999999;2.1469808549181835;2.1469806365162025;2.1840198094480456E-7
0.7648437499999899;2.1486588390885686;2.1486586205156337;2.1857293486249318E-7
0.7656249999999899;2.150338134696028;2.1503379159522784;2.1874374978025912E-7
0.7664062499999899;2.152018742765449;2.1520185238510963;2.1891435286747196E-7
0.7671874999999898;2.1537006643234236;2.1537004452378494;2.190855741268649E-7
0.7679687499999898;2.155383900395975;2.1553836811391016;2.192568735459588E-7
0.7687499999999897;2.1570684520105488;2.157068232582218;2.1942833061672218E-7
0.7695312499999897;2.1587543201951576;2.158754100595368;2.195997894638424E-7
0.7703124999999896;2.1604415059786675;2.160441286207523;2.1977114439408751E-7
0.7710937499999896;2.1621300103916496;2.1621297904484598;2.1994318988305395E-7
0.7718749999999895;2.1638198344638226;2.16381961434876;2.2011506262131775E-7
0.7726562499999895;2.1655109792266103;2.1655107589398095;2.2028680080055096E-7
0.7734374999999895;2.1672034457131417;2.1672032252538016;2.2045934011671875E-7
0.7742187499999894;2.168897234955409;2.1688970143237363;2.2063167293140395E-7
0.7749999999999894;2.1705923479871103;2.1705921271834194;2.2080369088683938E-7
0.7757812499999893;2.172288785843932;2.172288564867466;2.209764660143776E-7
0.7765624999999893;2.173986549560709;2.1739863284113006;2.2114940856354792E-7
0.7773437499999892;2.1756856401731284;2.1756854188511547;2.2132197363688988E-7
0.7781249999999892;2.1773860587188665;2.177385837224071;2.2149479539379513E-7
0.7789062499999891;2.1790878062361685;2.179087584567903;2.2166826552094676E-7
0.7796874999999891;2.180790883762711;2.180790661921315;2.2184139591985286E-7
0.780468749999989;2.1824952923384444;2.182495070323782;2.2201466221005717E-7
0.781249999999989;2.1842010330038875;2.184200810815594;2.2218829354159197E-7
0.782031249999989;2.185908106799843;2.185907884437851;2.2236199237468668E-7
0.7828124999999889;2.1876165147682514;2.1876162922324687;2.225357826901586E-7
0.7835937499999889;2.1893262579516204;2.189326035242176;2.227094442197597E-7
0.7843749999999888;2.191037337394164;2.191037114510518;2.2288364576183994E-7
0.7851562499999888;2.192749754139811;2.1927495310818546;2.2305795654986582E-7
0.7859374999999887;2.1944635092336284;2.1944632860013615;2.232322668938025E-7
0.7867187499999887;2.196178603721819;2.196178380315032;2.234067868478462E-7
0.7874999999999887;2.197895038651154;2.197894815069677;2.235814773321465E-7
0.7882812499999886;2.199612815068974;2.1996125913129245;2.2375604968871698E-7
0.7890624999999886;2.20133193402404;2.201331710093222;2.23930817888629E-7
0.7898437499999885;2.203052396565681;2.203052172459837;2.2410584410437195E-7
0.7906249999999885;2.20477420374408;2.204773979462856;2.2428122381512594E-7
0.7914062499999884;2.2064973566097024;2.206497132153187;2.2445651515212717E-7
0.7921874999999884;2.208221856214152;2.2082216315825587;2.2463159332630767E-7
0.7929687499999883;2.2099477036107373;2.209947478803522;2.2480721550977023E-7
0.7937499999999883;2.2116748998524827;2.2116746748694505;2.249830322043067E-7
0.7945312499999883;2.213403445993549;2.2134032208345413;2.2515900788278032E-7
0.7953124999999882;2.2151333430886666;2.2151331177538154;2.2533485122266939E-7
0.7960937499999882;2.2168645921939856;2.2168643666831174;2.255108682014395E-7
0.7968749999999881;2.2185971943665095;2.2185969686791185;2.2568739099781965E-7
0.7976562499999881;2.2203311506629575;2.220330924799315;2.2586364245569257E-7
0.798437499999988;2.2220664621420383;2.2220662361020294;2.2604000893267084E-7
0.799218749999988;2.223803129863313;2.223802903646412;2.2621690121127358E-7
0.7999999999999879;2.2255411548860593;2.225540928492441;2.2639361851872764E-7
0.8007812499999879;2.2272805382715433;2.2272803117009214;2.2657062181963283E-7
0.8015624999999879;2.229021281081316;2.22902105433349;2.2674782584886088E-7
0.8023437499999878;2.2307633843774965;2.230763157452611;2.2692488554909573E-7
0.8031249999999878;2.2325068492236255;2.23250662212158;2.27102045613492E-7
0.8039062499999877;2.234251676684096;2.234251449404523;2.2727957293966483E-7
0.8046874999999877;2.235997867823869;2.235997640366399;2.2745747019214946E-7
0.8054687499999876;2.2377454237081906;2.2377451960729977;2.2763519291757461E-7
0.8062499999999876;2.2394943454037275;2.239494117590943;2.2781278463668286E-7
0.8070312499999875;2.2412446339785674;2.241244405987691;2.279908764002414E-7
0.8078124999999875;2.2429962905007983;2.2429960623315344;2.281692639272137E-7
0.8085937499999875;2.2447493160393606;2.2447490876915985;2.2834776203239926E-7
0.8093749999999874;2.2465037116640474;2.246503483137846;2.2852620151780911E-7
0.8101562499999874;2.2482594784455046;2.2482592497410736;2.287044309490227E-7
0.8109374999999873;2.250016617456083;2.250016388572917;2.2888316619784632E-7
0.8117187499999873;2.2517751297681343;2.2517749007058487;2.2906228558383646E-7
0.8124999999999872;2.2535350164545775;2.2535347872131797;2.2924139786439923E-7
0.8132812499999872;2.2552962785894692;2.255296049169059;2.294204102248898E-7
0.8140624999999871;2.257058917248287;2.2570586876484757;2.2959981116343897E-7
0.8148437499999871;2.258822933506508;2.2588227037272595;2.2977924851730336E-7
0.815624999999987;2.260588328440747;2.2605880984820796;2.2995866721942093E-7
0.816406249999987;2.262355103129039;2.262354872990448;2.301385908509701E-7
0.817187499999987;2.2641232586491356;2.2641230283307188;2.303184167828931E-7
0.8179687499999869;2.265892796080493;2.2658925655820874;2.3049840569555613E-7
0.8187499999999869;2.2676637165031366;2.2676634858245945;2.3067854204583682E-7
0.8195312499999868;2.2694360209979436;2.2694357901391236;2.3085882006057545E-7
0.8203124999999868;2.2712097106466445;2.271209479607404;2.3103924062795045E-7
0.8210937499999867;2.272984786531822;2.272984555312009;2.312198130738352E-7
0.8218749999999867;2.274761249736912;2.27476101833636;2.3140055205317367E-7
0.8226562499999867;2.276539101346202;2.276538869764723;2.315814793263371E-7
0.8234374999999866;2.2783183424445497;2.2783181106822132;2.3176233643340538E-7
0.8242187499999866;2.280098974118232;2.2800987421747925;2.3194343956589591E-7
0.8249999999999865;2.2818809974540954;2.281880765329273;2.3212482247458865E-7
0.8257812499999865;2.2836644135395545;2.2836641812333145;2.3230624002223976E-7
0.8265624999999864;2.2854492234631607;2.2854489909754285;2.3248773217687813E-7
0.8273437499999864;2.287235428314318;2.2872351956449757;2.326693424592463E-7
0.8281249999999863;2.289023029183568;2.2890227963321697;2.3285139816309197E-7
0.8289062499999863;2.2908120271614507;2.290811794128075;2.330333757072367E-7
0.8296874999999863;2.292602423340213;2.2926021901246094;2.3321560371769579E-7
0.8304687499999862;2.2943942188123856;2.294393985414544;2.3339784149811749E-7
0.8312499999999862;2.2961874146713512;2.2961871810915038;2.3357984746397165E-7
0.8320312499999861;2.2979820120124828;2.297981778249968;2.3376251467865927E-7
0.8328124999999861;2.2997780119308686;2.2997777779852733;2.3394559534040127E-7
0.833593749999986;2.3015754155218815;2.30157518139361;2.341282714368731E-7
0.834374999999986;2.303374223883168;2.303373989572026;2.3431114160032962E-7
0.835156249999986;2.305174438112658;2.3051742036184275;2.344942306997666E-7
0.8359374999999859;2.306976059309136;2.3069758246315772;2.346775587191985E-7
0.8367187499999859;2.308779088572237;2.308778853711098;2.3486113898130156E-7
0.8374999999999858;2.3105835270021657;2.3105832919574714;2.350446943744089E-7
0.8382812499999858;2.3123893757002634;2.312389140472039;2.3522822445443126E-7
0.8390624999999857;2.314196635769008;2.314196400357003;2.3541200500076798E-7
0.8398437499999857;2.3160053083114462;2.316005072715428;2.3559601824985066E-7
0.8406249999999856;2.317815394431477;2.3178151586512397;2.357802375563267E-7
0.8414062499999856;2.319626895233853;2.319626659269227;2.359646256167025E-7
0.8421874999999855;2.3214398118238933;2.3214395756750426;2.3614885069633829E-7
0.8429687499999855;2.323254145308624;2.323253908975202;2.3633342216555775E-7
0.8437499999999855;2.3250698967953554;2.3250696602770873;2.365182680819089E-7
0.8445312499999854;2.326887067391965;2.3268868306889448;2.3670302029543677E-7
0.8453124999999854;2.3287056582077525;2.3287054213198872;2.368878653236095E-7
0.8460937499999853;2.330525670353154;2.3305254332798944;2.3707325969013482E-7
0.8468749999999853;2.3323471049383215;2.332346867679814;2.3725850750722088E-7
0.8476562499999852;2.3341699630751123;2.3341697256313605;2.3744375177159327E-7
0.8484374999999852;2.3359942458768046;2.335994008247119;2.3762968570650855E-7
0.8492187499999851;2.3378199544558242;2.337819716640543;2.3781528124544593E-7
0.8499999999999851;2.3396470899268706;2.339646851925956;2.3800091453196615E-7
0.8507812499999851;2.341475653405496;2.3414754152185537;2.381869421697047E-7
0.851562499999985;2.3433056460075363;2.343305407634402;2.3837313412045091E-7
0.852343749999985;2.345137068849965;2.3451368302904405;2.385595245790739E-7
0.8531249999999849;2.346969923050608;2.3469696843044803;2.3874612775642845E-7
0.8539062499999849;2.3488042097278594;2.348803970795207;2.3893265232999283E-7
0.8546874999999848;2.3506399300015346;2.35063969088218;2.3911935453924116E-7
0.8554687499999848;2.3524770849920174;2.3524768456858345;2.393061828698251E-7
0.8562499999999847;2.354315675820544;2.35431543632748;2.3949306404702497E-7
0.8570312499999847;2.3561557036097724;2.356155463929304;2.3968046836131407E-7
0.8578124999999847;2.3579971694820756;2.3579969296143704;2.3986770525397105E-7
0.8585937499999846;2.3598400745618164;2.35983983450662;2.400551966097453E-7
0.8593749999999846;2.361684419973642;2.361684179730873;2.402427687897557E-7
0.8601562499999845;2.363530206843336;2.3635299664128286;2.404305075032198E-7
0.8609374999999845;2.3653774362978197;2.365377195679066;2.406187538106508E-7
0.8617187499999844;2.3672261094637292;2.367225868657044;2.40806685258832E-7
0.8624999999999844;2.369076227469691;2.369075986475103;2.409945878412145E-7
0.8632812499999843;2.3709277914454674;2.3709275502624654;2.411830020143668E-7
0.8640624999999843;2.372780802520822;2.3727805611492365;2.4137158538550807E-7
0.8648437499999843;2.374635261826654;2.374635020266404;2.415602500249747E-7
0.8656249999999842;2.376491170495001;2.3764909287458407;2.417491602457744E-7
0.8664062499999842;2.378348529658183;2.3783482877203026;2.419378803963923E-7
0.8671874999999841;2.380207340450511;2.3802070983234316;2.421270792751784E-7
0.8679687499999841;2.3820676040060107;2.3820673616897565;2.4231625417314717E-7
0.868749999999984;2.38392932146013;2.383929078954691;2.4250543884107856E-7
0.869531249999984;2.3857924939497366;2.385792251254538;2.426951986045367E-7
0.870312499999984;2.387657122611415;2.3876568797264874;2.4288492772583936E-7
0.8710937499999839;2.389523208583455;2.3895229655086183;2.43074836703272E-7
0.8718749999999839;2.391390753004714;2.391390509739899;2.432648149586214E-7
0.8726562499999838;2.393259757014903;2.393259513560188;2.4345471461018064E-7
0.8734374999999838;2.395130221755153;2.395129978110235;2.4364491801875943E-7
0.8742187499999837;2.3970021483671644;2.3970019045316806;2.4383548380413345E-7
0.8749999999999837;2.398875537993206;2.3988752939670586;2.4402614728913363E-7
0.8757812499999836;2.4007503917766826;2.400750147559795;2.442168876015671E-7
0.8765624999999836;2.4026267108618526;2.4026264664542096;2.4440764301303375E-7
0.8773437499999835;2.404504496394395;2.4045042517955166;2.445988784849362E-7
0.8781249999999835;2.406383749519705;2.406383504729826;2.447898790336467E-7
0.8789062499999835;2.4082644713851664;2.408264226404141;2.44981025243618E-7
0.8796874999999834;2.4101466631390167;2.410146417966365;2.451726515140251E-7
0.8804687499999834;2.412030325929493;2.412030080565296;2.4536419696019607E-7
0.8812499999999833;2.4139154609068214;2.41391521535063;2.455561913805582E-7
0.8820312499999833;2.4158020692209448;2.415801823472963;2.4574798196397296E-7
0.8828124999999832;2.417690152023795;2.4176899060837878;2.4594000702649055E-7
0.8835937499999832;2.419579710467872;2.4195794643355;2.4613237181725367E-7
0.8843749999999831;2.4214707457059603;2.421470499381394;2.463245665218494E-7
0.8851562499999831;2.42336325889255;2.4233630123756655;2.465168846832455E-7
0.8859374999999831;2.425257251182984;2.4252570044734134;2.4670957055050735E-7
0.886718749999983;2.4271527237334567;2.427152476830639;2.4690281774653045E-7
0.887499999999983;2.4290496776998793;2.429049430604247;2.4709563239966315E-7
0.8882812499999829;2.4309481142407208;2.430947866952045;2.472886757587389E-7
0.8890624999999829;2.432848034514734;2.432847787032748;2.474819860154298E-7
0.8898437499999828;2.434749439681241;2.4347491920059743;2.4767526651814364E-7
0.8906249999999828;2.4366523309012678;2.43665208303225;2.478690177554199E-7
0.8914062499999827;2.4385567093355576;2.4385564612730075;2.4806255005671574E-7
0.8921874999999827;2.4404625761471266;2.440462327890587;2.482565397698977E-7
0.8929687499999827;2.442369932498991;2.4423696840482374;2.4845075374813064E-7
0.8937499999999826;2.444278779554736;2.4442785309101165;2.4864461956042305E-7
0.8945312499999826;2.44618911848022;2.4461888696412917;2.488389281296577E-7
0.8953124999999825;2.448100950441301;2.448100701407742;2.490335591076587E-7
0.8960937499999825;2.4500142766046906;2.450014027376356;2.4922833441465286E-7
0.8968749999999824;2.4519290981379527;2.4519288487149367;2.4942301601882377E-7
0.8976562499999824;2.453845416210072;2.4538451665921968;2.496178752586786E-7
0.8984374999999823;2.455763231990602;2.455762982177765;2.4981283708314095E-7
0.8992187499999823;2.457682546650233;2.457682296642182;2.5000805070618526E-7
0.8999999999999823;2.4596033613607915;2.459603111156906;2.5020388561003415E-7
0.9007812499999822;2.4615256772935368;2.4615254268943083;2.503992284630385E-7
0.9015624999999822;2.4634494956225694;2.463449245027677;2.505948923925416E-7
0.9023437499999821;2.4653748175219903;2.4653745667312186;2.507907717053115E-7
0.9031249999999821;2.467301644166753;2.467301393180055;2.509866976474484E-7
0.903906249999982;2.4692299767332315;2.469229725550229;2.511830023976813E-7
0.904687499999982;2.471159816397801;2.471159565018701;2.5137910020234244E-7
0.905468749999982;2.4730911643388254;2.4730909127633507;2.515754746745813E-7
0.9062499999999819;2.475024021735237;2.4750237699629802;2.517722568207148E-7
0.9070312499999819;2.476958389766537;2.476958137797312;2.5196922504022723E-7
0.9078124999999818;2.478894269613079;2.4788940174469904;2.5216608845468613E-7
0.9085937499999818;2.4808316624566373;2.4808314100935824;2.523630548978417E-7
0.9093749999999817;2.4827705694798397;2.482770316919579;2.525602607050814E-7
0.9101562499999817;2.484710991866166;2.4847107391083947;2.5275777115751907E-7
0.9109374999999816;2.4866529307996643;2.48665267784437;2.529552944885438E-7
0.9117187499999816;2.4885963874658046;2.488596134312769;2.531530354232814E-7
0.9124999999999815;2.4905413630506246;2.490541109699785;2.5335083941868675E-7
0.9132812499999815;2.492487858741299;2.4924876051925358;2.5354876331817877E-7
0.9140624999999815;2.49443587572614;2.4944356219790684;2.537470713548373E-7
0.9148437499999814;2.4963854151934584;2.496385161248358;2.539451005034721E-7
0.9156249999999814;2.4983364783341244;2.498336224190308;2.5414381621402526E-7
0.9164062499999813;2.500289066338155;2.500288811995755;2.5434240003008313E-7
0.9171874999999813;2.5022431803975564;2.5022429258564616;2.5454109486844345E-7
0.9179687499999812;2.5041988217054723;2.504198566965126;2.547403461505837E-7
0.9187499999999812;2.5061559914544773;2.5061557365153764;2.5493910094098737E-7
0.9195312499999811;2.5081146908399887;2.5081144357017737;2.551382149995618E-7
0.9203124999999811;2.510074921057708;2.510074665719814;2.5533789393961115E-7
0.9210937499999811;2.51203668330362;2.5120364277659264;2.555376936719256E-7
0.921874999999981;2.5139999787745637;2.5139997230374758;2.557370879507914E-7
0.922656249999981;2.5159648086696507;2.5159645527327616;2.559368890153735E-7
0.9234374999999809;2.517931174188277;2.517930918051022;2.5613725496143047E-7
0.9242187499999809;2.519899076529555;2.519898820192431;2.5633712397166164E-7
0.9249999999999808;2.521868516895438;2.5218682603580995;2.5653733848329807E-7
0.9257812499999808;2.523839496488165;2.52383923975008;2.567380850138079E-7
0.9265624999999807;2.525812016510258;2.5258117595713623;2.5693889593725316E-7
0.9273437499999807;2.527786078165377;2.5277858210258772;2.5713949991512663E-7
0.9281249999999807;2.5297616826588865;2.5297614253184957;2.5734039077462967E-7
0.9289062499999806;2.5317388311967193;2.5317385736550317;2.575416875316705E-7
0.9296874999999806;2.533717524985093;2.5337172672422406;2.57742852394216E-7
0.9304687499999805;2.5356977652322144;2.535697507287821;2.5794439340032227E-7
0.9312499999999805;2.5376795531465746;2.537679295000416;2.581461586714795E-7
0.9320312499999804;2.539662889937233;2.5396626315896125;2.583476206297064E-7
0.9328124999999804;2.5416477768155232;2.541647518265943;2.5854958041193754E-7
0.9335937499999803;2.543634214992778;2.5436339562408867;2.587518914687337E-7
0.9343749999999803;2.5456222056806155;2.545621946726869;2.589537464459113E-7
0.9351562499999803;2.5476117500934947;2.5476114909372627;2.591562320297669E-7
0.9359374999999802;2.549602849445307;2.54960259008639;2.593589170096777E-7
0.9367187499999802;2.551595504951081;2.551595245389521;2.595615598011136E-7
0.9374999999999801;2.553589717827265;2.553589458062876;2.5976438866592844E-7
0.9382812499999801;2.555585489291161;2.555585229323626;2.599675350545283E-7
0.93906249999998;2.55758282056064;2.5575825603898936;2.601707462801528E-7
0.93984374999998;2.5595817128547083;2.559581452480752;2.6037395617350967E-7
0.94062499999998;2.56158216739351;2.561581906816229;2.605772810859719E-7
0.9414062499999799;2.5635841853983266;2.5635839246173044;2.6078102211002374E-7
0.9421874999999799;2.5655877680910066;2.565587507105914;2.609850926482693E-7
0.9429687499999798;2.567592916693684;2.5675926555049466;2.611887373049626E-7
0.9437499999999798;2.569599632431334;2.569599371038248;2.6139308628714275E-7
0.9445312499999797;2.5716079165280803;2.5716076549306206;2.6159745969422943E-7
0.9453124999999797;2.5736177702094665;2.573617508407823;2.618016434752235E-7
0.9460937499999796;2.5756291947030263;2.575628932696573;2.6200645342200346E-7
0.9468749999999796;2.577642191235725;2.5776419290245465;2.6221117854774434E-7
0.9476562499999795;2.579656761036233;2.5796564986203787;2.624158543795829E-7
0.9484374999999795;2.5816729053349263;2.5816726427136656;2.626212607381717E-7
0.9492187499999795;2.583690625361612;2.5836903625349645;2.6282664755683527E-7
0.9499999999999794;2.585709922347519;2.585709659315793;2.63031725733498E-7
0.9507812499999794;2.5877307975258645;2.5877305342886325;2.63237232012159E-7
0.9515624999999793;2.5897532521301514;2.5897529886869273;2.6344322412441556E-7
0.9523437499999793;2.591777287394166;2.591777023745086;2.636490799012847E-7
0.9531249999999792;2.5938029045536837;2.5938026406984807;2.638552030198582E-7
0.9539062499999792;2.595830104844765;2.595829840783451;2.6406131414802303E-7
0.9546874999999792;2.5978588895048915;2.5978586252373006;2.642675909214631E-7
0.9554687499999791;2.599889259772681;2.5998889952983024;2.6447437839749455E-7
0.9562499999999791;2.601921216886751;2.6019209522056954;2.6468105573940193E-7
0.957031249999979;2.603954762087426;2.603954497199688;2.648877379662906E-7
0.957812499999979;2.6059898966161654;2.605989631521457;2.650947084070765E-7
0.9585937499999789;2.6080266217152825;2.6080263564131507;2.653021318188564E-7
0.9593749999999789;2.6100649386273744;2.610064673117887;2.6550948728498724E-7
0.9601562499999788;2.6121048485964593;2.612104582879756;2.6571670330710617E-7
0.9609374999999788;2.6141463528682607;2.614146086943819;2.659244415781359E-7
0.9617187499999788;2.616189452688502;2.6161891865561127;2.6613238945927264E-7
0.9624999999999787;2.618234149304044;2.618233882963645;2.663403990688096E-7
0.9632812499999787;2.6202804439631677;2.6202801774144002;2.6654876750242806E-7
0.9640624999999786;2.622328337914155;2.6223280711573373;2.667568175240831E-7
0.9648437499999786;2.6243778324075606;2.624377565442391;2.669651695264008E-7
0.9656249999999785;2.6264289286945086;2.626428661520474;2.671740344517559E-7
0.9664062499999785;2.6284816280264067;2.6284813606434763;2.673829304633557E-7
0.9671874999999784;2.630535931656084;2.6305356640642654;2.675918184813497E-7
0.9679687499999784;2.632591840837506;2.632591573036689;2.67800817077557E-7
0.9687499999999784;2.6346493568257756;2.634649088815574;2.680102015872876E-7
0.9695312499999783;2.636708480876564;2.636708212656729;2.6821983478697575E-7
0.9703124999999783;2.6387692142461106;2.6387689458169437;2.684291668941796E-7
0.9710937499999782;2.6408315581929287;2.6408312895539887;2.6863893998196886E-7
0.9718749999999782;2.642895513975816;2.64289524512662;2.688491957947292E-7
0.9726562499999781;2.644961082853854;2.644960813794576;2.690592779686085E-7
0.9734374999999781;2.647028266088114;2.6470279968185793;2.692695346695473E-7
0.974218749999978;2.6490970649402357;2.6490967954603386;2.69479897063718E-7
0.974999999999978;2.6511674806729957;2.6511672109825484;2.696904473076245E-7
0.975781249999978;2.6532395145503074;2.65323924464889;2.6990141721583427E-7
0.9765624999999779;2.6553131678363684;2.6553128977240332;2.701123351656065E-7
0.9773437499999779;2.6573884417967975;2.6573881714736345;2.7032316296526915E-7
0.9781249999999778;2.6594653376989186;2.6594650671643407;2.705345778508672E-7
0.9789062499999778;2.661543856810056;2.661543586063789;2.7074626673950775E-7
0.9796874999999777;2.6636240003983858;2.6636237294406064;2.7095777932473197E-7
0.9804687499999777;2.6657057697337905;2.6657054985644115;2.7116937895144133E-7
0.9812499999999776;2.6677891660870046;2.6677888947058155;2.7138118907643616E-7
0.9820312499999776;2.6698741907298995;2.6698739191364225;2.715934770414208E-7
0.9828124999999776;2.671960844934631;2.671960573128831;2.71805800089453E-7
0.9835937499999775;2.674049129974776;2.674048857956633;2.7201814312149963E-7
0.9843749999999775;2.676139047125332;2.6761387748944165;2.722309155878122E-7
0.9851562499999774;2.6782305976612975;2.678230325217766;2.724435312906337E-7
0.9859374999999774;2.6803237828596593;2.6803235102032623;2.7265639701568034E-7
0.9867187499999773;2.6824186039979736;2.6824183311284844;2.72869489226224E-7
0.9874999999999773;2.6845150623546488;2.684514789272009;2.7308263961245416E-7
0.9882812499999772;2.6866131592097986;2.6866128859134135;2.732963850782255E-7
0.9890624999999772;2.6887128958432527;2.6887126223332745;2.735099782213979E-7
0.9898437499999772;2.690814273536546;2.6908139998131686;2.7372337729758556E-7
0.9906249999999771;2.6929172935732026;2.6929170196356753;2.739375273286271E-7
0.9914062499999771;2.695021957236179;2.6950216830843767;2.741518021487366E-7
0.992187499999977;2.6971282658098517;2.697127991443857;2.7436599481234225E-7
0.992968749999977;2.699236220580019;2.6992359459997046;2.7458031448546194E-7
0.9937499999999769;2.701345822833332;2.701345548038513;2.7479481889969293E-7
0.9945312499999769;2.703457073857578;2.7034567988478817;2.750096963488602E-7
0.9953124999999768;2.7055699749411133;2.7055696997164156;2.75224697698917E-7
0.9960937499999768;2.7076845273734307;2.707684251933727;2.754397034898659E-7
0.9968749999999768;2.7098007324454443;2.7098004567904366;2.7565500770876383E-7
0.9976562499999767;2.7119185914486366;2.711918315578173;2.758704633620823E-7
0.9984374999999767;2.714038105675627;2.714037829589575;2.7608605179807455E-7
0.9992187499999766;2.7161592764201714;2.7161590001182914;2.763018800422401E-7
