0.00625;1.009420725899588;1.006269572003762;0.0031511538958259866
0.0125;1.0157493618227065;1.0125784515406344;0.003170910282072059
0.018750000000000003;1.0221176755844041;1.0189268850520263;0.0031907905323778074
0.025;1.0285259159478244;1.0253151205244289;0.0032107954233955294
0.03125;1.0349743332355743;1.0317434074991028;0.003230925736471546
0.0375;1.0414631793398499;1.038211997081825;0.0032511822580247873
0.04375;1.0479927077319928;1.0447211419526992;0.0032715657792936614
0.049999999999999996;1.0545631734725092;1.0512710963760241;0.0032920770964850465
0.056249999999999994;1.0611748332211235;1.0578621162102273;0.0033127170108961934
0.06249999999999999;1.06782794524662;1.0644944589178593;0.0033334863287606264
0.06874999999999999;1.074522769436932;1.0711683835756507;0.0033543858612812283
0.075;1.0812595673096226;1.0778841508846315;0.0033754164249910623
0.08125;1.0880386020216193;1.0846420231803167;0.003396578841302622
0.08750000000000001;1.0948601383798362;1.0914422644429518;0.003417873936884419
0.09375000000000001;1.1017244428515127;1.0982851403078258;0.0034393025436869618
0.10000000000000002;1.108631783574232;1.1051709180756477;0.0034608654985843756
0.10625000000000002;1.1155824303670414;1.1120998667229867;0.003482563644054748
0.11250000000000003;1.1225766547403282;1.1190722569127807;0.003504397827547523
0.11875000000000004;1.1296147299069759;1.1260883610049077;0.0035263689020681444
0.12500000000000003;1.1366969307926311;1.1331484530668263;0.0035484777258047995
0.13125000000000003;1.1438235340467173;1.1402528088842803;0.0035707251624370606
0.13750000000000004;1.150994818052986;1.1474017059720723;0.0035931120809138406
0.14375000000000004;1.1582110629407794;1.1545954235849034;0.0036156393558759437
0.15000000000000005;1.1654725505954033;1.1618342427282833;0.0036383078671200497
0.15625000000000006;1.1727795646697459;1.1691184461695046;0.0036611185002413116
0.16250000000000006;1.1801323905950056;1.1764483184486905;0.003684072146315165
0.16875000000000007;1.1875313155918477;1.1838241458899093;0.0037071697019384064
0.17500000000000007;1.19497662868163;1.1912462166123583;0.0037304120692716047
0.18125000000000008;1.202468620697985;1.1987148205416185;0.0037538001563666157
0.18750000000000008;1.210007584297692;1.206230249420981;0.003777334876711169
0.1937500000000001;1.2175938139725417;1.2137927968228415;0.00380101714970027
0.2000000000000001;1.2252276060605993;1.2214027581601699;0.0038248479004294733
0.2062500000000001;1.2329092587577861;1.2290604306980486;0.003848828059737519
0.2125000000000001;1.2406390721296745;1.2367661135652848;0.003872958564389739
0.2187500000000001;1.2484173481230698;1.2445201077660952;0.003897240356974585
0.22500000000000012;1.2562443905778764;1.2523227161918644;0.003921674386011986
0.23125000000000012;1.2641205052389282;1.2601742436329761;0.003946261605952017
0.23750000000000013;1.2720459997679612;1.2680749967907194;0.003971002977241733
0.24375000000000013;1.2800211837555864;1.2760252842892692;0.0039958994663171765
0.2500000000000001;1.2880463687334753;1.2840254166877416;0.004020952045733717
0.2562500000000001;1.2961218681864395;1.2920757064923258;0.004046161694113648
0.26250000000000007;1.3042479975647225;1.300176468168491;0.004071529396231455
0.26875000000000004;1.3124250742961507;1.3083280181532706;0.00409705614288014
0.275;1.3206534177990292;1.3165306748676215;0.004122742931407686
0.28125;1.328933349493937;1.3247847587288655;0.004148590765071569
0.2875;1.3372651928168011;1.3330905921632026;0.004174600653598537
0.29374999999999996;1.3456492732312597;1.3414484996183076;0.0042007736129521245
0.29999999999999993;1.3540859182416298;1.349858807576003;0.004227110665626865
0.3062499999999999;1.3625754574053062;1.3583218445650131;0.0042536128402930196
0.3124999999999999;1.3711182223460483;1.3668379411737963;0.004280281172251987
0.31874999999999987;1.3797145467667349;1.3754074300634591;0.004307116703275771
0.32499999999999984;1.388364766462331;1.3840306459807512;0.004334120481579884
0.3312499999999998;1.3970692193331402;1.3927079257711408;0.004361293561999435
0.3374999999999998;1.4058282453979842;1.401439608391973;0.004388637006011331
0.3437499999999998;1.4146421868074555;1.4102260349257103;0.004416151881745156
0.34999999999999976;1.4235113878572037;1.419067548593257;0.004443839263946758
0.35624999999999973;1.4324361950015074;1.4279644947673644;0.004471700234143006
0.3624999999999997;1.4414169568669166;1.4369172209861238;0.004499735880792777
0.3687499999999997;1.4504540242653974;1.445926076966542;0.004527947298855306
0.37499999999999967;1.459547750208685;1.4549914146182008;0.004556335590484295
0.38124999999999964;1.4686984899215716;1.464113588057005;0.004584901864566504
0.3874999999999996;1.4779066008559383;1.473292953619015;0.004613647236923368
0.3937499999999996;1.487172442704825;1.4825298698743645;0.004642572830460434
0.3999999999999996;1.496496377416392;1.4918246976412697;0.004671679775122284
0.40624999999999956;1.5058787692079534;1.5011778000001221;0.0047009692078312515
0.41249999999999953;1.5153199845804366;1.5105895423076718;0.004730442272764757
0.4187499999999995;1.524820392332522;1.5200602922112996;0.004760100121222521
0.4249999999999995;1.5343803635750675;1.5295904196633778;0.004789943911689631
0.43124999999999947;1.544000271745638;1.539180296935722;0.004819974809916028
0.43749999999999944;1.5536804926231795;1.5488302986341322;0.004850193989047291
0.4437499999999994;1.5634214043425132;1.5585408017130271;0.004880602629486086
0.4499999999999994;1.5732233874092927;1.5683121854901678;0.0049112019191248635
0.4562499999999994;1.5830868247146057;1.578144831661476;0.004941993053129812
0.46249999999999936;1.5930121015503929;1.5880391243159422;0.004972977234450671
0.46874999999999933;1.6029996056239426;1.5979954499506321;0.005004155673310473
0.4749999999999993;1.6130497270733812;1.6080141974857818;0.005035529587599452
0.4812499999999993;1.6231628584829139;1.6180957582799904;0.005067100202923447
0.48749999999999927;1.6333393948980302;1.6282405261455086;0.005098868752521524
0.49374999999999925;1.6435797338408875;1.6384488973636213;0.0051308364772661985
0.4999999999999992;1.6538842753261562;1.6487212707001269;0.005163004626029366
0.5062499999999992;1.6642534218761895;1.6590580474209153;0.005195374455274182
0.5124999999999992;1.6746875785371529;1.6694596313076415;0.005227947229511365
0.5187499999999992;1.685187152894585;1.6799264286734987;0.005260724221086255
0.5249999999999991;1.6957525550894914;1.6904588483790899;0.0052937067104015245
0.5312499999999991;1.7063841978341898;1.7010573018483992;0.005326895985790614
0.5374999999999991;1.7170824964285814;1.711722203084863;0.0053602933437184586
0.5437499999999991;1.7278478687763155;1.7224539686875415;0.00539390008877394
0.549999999999999;1.7386807354012035;1.7332530178673935;0.005427717533809995
0.556249999999999;1.7495815194633124;1.744119772463651;0.005461746999661399
0.562499999999999;1.760550646776089;1.7550546569602967;0.005495989815792246
0.568749999999999;1.7715885458222758;1.7660580985026473;0.005530447319628484
0.574999999999999;1.7826956477713551;1.7771305269140365;0.0055651208573186395
0.5812499999999989;1.7938723864958561;1.7882723747126075;0.0056000117832486485
0.5874999999999989;1.805119198588585;1.7994840771282066;0.005635121460378478
0.5937499999999989;1.8164365233794655;1.8107660721193852;0.005670451260080256
0.5999999999999989;1.8278248029530886;1.8221188003905069;0.005706002562581691
0.6062499999999988;1.8392844821654464;1.8335427054089637;0.005741776756482686
0.6124999999999988;1.8508160086617664;1.8450382334224977;0.005777775239268701
0.6187499999999988;1.8624198328938135;1.8566058334766338;0.005813999417179749
0.6249999999999988;1.874096408137369;1.86824595743222;0.005850450705148891
0.6312499999999988;1.885846190510172;1.8799590599830787;0.005887130527093332
0.6374999999999987;1.897669638989612;1.8917455986737672;0.005924040315844703
0.6437499999999987;1.9095672154305987;1.9036060339174523;0.005961181513146396
0.6499999999999987;1.9215393845837525;1.9155408290138936;0.005998555569858954
0.6562499999999987;1.9335866141134872;1.927550450167542;0.006036163945945194
0.6624999999999986;1.9457093746161647;1.9396353665057513;0.006074008110413365
0.6687499999999986;1.9579081396387465;1.9517960500971023;0.006112089541644217
0.6749999999999986;1.9701833856969486;1.9640329759698445;0.0061504097271041225
0.6812499999999986;1.9825355922941768;1.9763466221304504;0.006188970163726326
0.6874999999999986;1.9949652419401076;1.988737469582289;0.006227772357818573
0.6937499999999985;2.0074728201694114;2.0012060023444147;0.006266817824996718
0.6999999999999985;2.0200588155611143;2.0137527074704735;0.006306108090640805
0.7062499999999985;2.0327237197570724;2.0263780750677305;0.006345644689341956
0.7124999999999985;2.0454680274818315;2.039082598316212;0.00638542916561935
0.7187499999999984;2.0582922365615275;2.0518667734879736;0.00642546307355385
0.7249999999999984;2.0711968479434972;2.064731099966483;0.006465747977014047
0.7312499999999984;2.0841823657155345;2.07767608026613;0.006506285449404459
0.7374999999999984;2.0972492971264245;2.090702220051852;0.0065470770745723605
0.7437499999999984;2.110398152604631;2.1038100281588923;0.006588124445738863
0.7499999999999983;2.123629445778974;2.1170000166126712;0.006629429166302714
0.7562499999999983;2.136943693498523;2.13027270064879;0.0066709928497332704
0.7624999999999983;2.150341415852992;2.1436285987331556;0.006712817119836512
0.7687499999999983;2.1638231361922777;2.157068232582237;0.006754903610040941
0.7749999999999982;2.1773893811480605;2.1705921271834385;0.006797253964621941
0.7812499999999982;2.1910406806534155;2.184200810815614;0.006839869837801604
0.7874999999999982;2.204777567963987;2.1978948150696977;0.00688275289428919
0.7937499999999982;2.2186005796785224;2.2116746748694727;0.006925904809049754
0.7999999999999982;2.2325102557604737;2.2255409284924634;0.00696932726801025
0.8062499999999981;2.246507139558034;2.2394941175909664;0.007013021967067434
0.8124999999999981;2.2605917778265194;2.253534787213204;0.007056990613315328
0.8187499999999981;2.274764720748692;2.26766348582462;0.0071012349240722195
0.8249999999999981;2.2890265219570693;2.281880765329299;0.007145756627770172
0.831249999999998;2.303377738554957;2.296187181091531;0.007190557463426117
0.837499999999998;2.31781893113876;2.3105832919574993;0.007235639181260467
0.843749999999998;2.332350663819156;2.3250696602771166;0.0072810035420394215
0.849999999999998;2.3469735042439765;2.3396468519259863;0.007326652317990234
0.856249999999998;2.3616880236198057;2.354315436327511;0.007372587292294508
0.8624999999999979;2.376494796734292;2.369075986475135;0.007418810259157027
0.8687499999999979;2.391394401978957;2.3839290789547243;0.007465323024232529
0.8749999999999979;2.4063874213715764;2.3988752939670928;0.007512127404483593
0.8812499999999979;2.421474440578848;2.413915215350665;0.007559225228182864
0.8874999999999978;2.4366560489392697;2.429049430604283;0.00760661833498677
0.8937499999999978;2.451932839486517;2.4442785309101533;0.007654308576363622
0.8999999999999978;2.467305408972109;2.459603111156944;0.007702297815165071
0.9062499999999978;2.4827743578888573;2.4750237699630198;0.007750587925837493
0.9124999999999978;2.4983402904948093;2.490541109699825;0.007799180794984206
0.9187499999999977;2.5140038148359167;2.5061557365154177;0.007848078320499052
0.9249999999999977;2.529765542770761;2.521868260358142;0.007897282412618889
0.9312499999999977;2.54562608999386;2.5376792950004594;0.007946794993400452
0.9374999999999977;2.561586076059683;2.553589458062921;0.007996617996762101
0.9437499999999976;2.57764612440738;2.569599371038294;0.008046753369086002
0.9499999999999976;2.593806862384511;2.58570965931584;0.00809720306867101
0.9562499999999976;2.6100689212722017;2.6019209522057434;0.008147969066458316
0.9624999999999976;2.6264329363088024;2.6182338829636946;0.008199053345107732
0.9687499999999976;2.6428995467161087;2.6346490888156247;0.008250457900484065
0.9749999999999975;2.65946939572288;2.6511672109826003;0.00830218474027955
0.9812499999999975;2.6761431305912;2.6677888947058683;0.008354235885331462
0.9874999999999975;2.692921402640849;2.6845147892720633;0.008406613368785454
0.9937499999999975;2.7098048672751673;2.7013455480385686;0.008459319236598706
