0.0015625;1.001172587374981;1.0015637213391564;3.9113396417533863E-4
0.0023437500000000003;1.001955059071804;1.0023464987290562;3.9143965725219054E-4
0.003125;1.0027381423140014;1.003129887902739;3.917455887376686E-4
0.00390625;1.0035218375787736;1.0039138893383475;3.9205175957390814E-4
0.0046875;1.0043061453447422;1.004698503514398;3.92358169655882E-4
0.00546875;1.0050910660905288;1.0054837309097813;3.926648192524862E-4
0.0062499999999999995;1.0058766002953234;1.006269572003762;3.929717084385498E-4
0.007031249999999999;1.0066627484383162;1.0070560272759794;3.93278837663269E-4
0.007812499999999999;1.0074495109998338;1.007843097206448;3.9358620661422705E-4
0.008593749999999999;1.0082368884593507;1.008630782275557;3.9389381620624775E-4
0.009375;1.0090248812980462;1.009419082964071;3.942016660247738E-4
0.01015625;1.0098134899968159;1.010207999753131;3.945097563151645E-4
0.010937500000000001;1.010602715036839;1.0109975331242536;3.9481808741448354E-4
0.011718750000000002;1.0113925568998638;1.0117876835593316;3.9512665946772607E-4
0.012500000000000002;1.0121830160676382;1.0125784515406344;3.954354729962528E-4
0.013281250000000003;1.0129740930230469;1.0133698375508087;3.957445277618099E-4
0.014062500000000004;1.013765788249259;1.0141618420728784;3.960538236194022E-4
0.014843750000000005;1.0145581022283068;1.0149544655902443;3.9636336193749067E-4
0.015625000000000003;1.0153510354450646;1.0157477085866857;3.966731416211733E-4
0.016406250000000004;1.0161445883827014;1.0165415715463597;3.9698316365832653E-4
0.017187500000000005;1.0169387615260916;1.017336054953802;3.972934277103324E-4
0.017968750000000006;1.017733555359257;1.0181311592939264;3.9760393466936605E-4
0.018750000000000006;1.0185289703679246;1.0189268850520263;3.9791468410177444E-4
0.019531250000000007;1.0193250070372528;1.0197232327137742;3.9822567652136875E-4
0.020312500000000008;1.0201216658535373;1.0205202027652223;3.9853691168501015E-4
0.02109375000000001;1.0209189473022207;1.0213177956928021;3.9884839058146326E-4
0.02187500000000001;1.0217168518710196;1.0221160119833264;3.991601123067845E-4
0.02265625000000001;1.022515380045661;1.022914852123987;3.9947207832602416E-4
0.02343750000000001;1.0233145323147141;1.023714316602358;3.997842876437563E-4
0.02421875000000001;1.024114309165327;1.0245144059063933;4.0009674106622484E-4
0.025000000000000012;1.0249147110855006;1.0253151205244289;4.004094389282731E-4
0.025781250000000012;1.025715738564088;1.026116460945182;4.007223810940097E-4
0.026562500000000013;1.026517392090227;1.0269184276577525;4.010355675254651E-4
0.027343750000000014;1.0273196721524869;1.0277210211516217;4.013489991347985E-4
0.028125000000000015;1.028122579241142;1.0285242419166538;4.016626755118935E-4
0.028906250000000015;1.0289261138458983;1.029328090443096;4.019765971976508E-4
0.029687500000000016;1.0297302764575988;1.0301325672215784;4.0229076397957364E-4
0.030468750000000017;1.0305350675665181;1.0309376727431148;4.0260517659662654E-4
0.031250000000000014;1.031340487664636;1.0317434074991028;4.0291983446683055E-4
0.03203125000000001;1.032146537242511;1.0325497719813235;4.0323473881254124E-4
0.03281250000000001;1.0329532167926914;1.0333567666819428;4.035498892513978E-4
0.033593750000000006;1.0337605268080097;1.0341643920935115;4.0386528550184764E-4
0.034375;1.0345684677804456;1.034972648708965;4.041809285193487E-4
0.03515625;1.0353770402034002;1.035781537021624;4.0449681822374295E-4
0.0359375;1.0361862445699899;1.0365910575251942;4.048129552043367E-4
0.036718749999999994;1.036996081375321;1.0374012107137687;4.0512933844771837E-4
0.03749999999999999;1.0378065511122259;1.038211997081825;4.054459695992385E-4
0.03828124999999999;1.038617654276095;1.0390234171242283;4.0576284813331753E-4
0.039062499999999986;1.0394293913620345;1.0398354713362299;4.0607997419539466E-4
0.03984374999999998;1.0402417628654348;1.0406481602134685;4.0639734803371574E-4
0.04062499999999998;1.0410547692819705;1.04146148425197;4.0671496999955536E-4
0.04140624999999998;1.0418684111078846;1.042275443948148;4.070328402634438E-4
0.042187499999999975;1.0426826888399887;1.0430900397988043;4.07350958815611E-4
0.04296874999999997;1.04349760297481;1.0439052723011284;4.076693263184161E-4
0.04374999999999997;1.044313154010581;1.0447211419526992;4.079879421181598E-4
0.04453124999999997;1.045129342443829;1.0455376492514834;4.0830680765435723E-4
0.045312499999999964;1.0459461687742078;1.0463547946958383;4.0862592163048994E-4
0.04609374999999996;1.046763633499097;1.0471725787845094;4.089452854123543E-4
0.04687499999999996;1.0475817371178664;1.0479910020166328;4.092648987663594E-4
0.047656249999999956;1.048400480129601;1.048810064891734;4.0958476213304174E-4
0.04843749999999995;1.049219863034807;1.04962976790973;4.0990487492287286E-4
0.04921874999999995;1.0500398863322857;1.050450111570927;4.102252386413152E-4
0.04999999999999995;1.0508605505239643;1.051271096376024;4.1054585205957395E-4
0.050781249999999944;1.0516818561097807;1.0520927228261097;4.1086671632895033E-4
0.05156249999999994;1.052503803591378;1.0529149914226654;4.111878312873518E-4
0.05234374999999994;1.0533263934701154;1.053737902667564;4.115091974485896E-4
0.053124999999999936;1.0541496262484884;1.0545614570630706;4.118308145821814E-4
0.05390624999999993;1.0549735024287088;1.055385655111843;4.121526831342148E-4
0.05468749999999993;1.0557980225138408;1.056210497316932;4.1247480309114515E-4
0.05546874999999993;1.0566231870066645;1.057035984181781;4.1279717511644165E-4
0.056249999999999925;1.057448996411381;1.0578621162102273;4.1311979884639527E-4
0.05703124999999992;1.0582754512316228;1.058688893906502;4.1344267487919417E-4
0.05781249999999992;1.0591025519721597;1.0595163177752303;4.1376580307050936E-4
0.05859374999999992;1.059930299137477;1.0603443883214314;4.140891839543581E-4
0.059374999999999914;1.0607586932329127;1.0611731060505196;4.1441281760690174E-4
0.06015624999999991;1.0615877347643732;1.0620024714683043;4.1473670393110673E-4
0.06093749999999991;1.0624174242371964;1.0628324850809896;4.150608437931691E-4
0.061718749999999906;1.06324776215871;1.063663147395176;4.153852364661148E-4
0.0624999999999999;1.064078749034536;1.0644944589178593;4.1570988332328973E-4
0.0632812499999999;1.064910385373139;1.065326420156432;4.160347832931066E-4
0.0640624999999999;1.0657426716809937;1.0661590316186829;4.1635993768918134E-4
0.0648437499999999;1.0665756084668487;1.0669922938127976;4.1668534594885287E-4
0.06562499999999989;1.0674091962388843;1.0678262072473592;4.1701100847491013E-4
0.06640624999999989;1.0682434355055648;1.068660772431348;4.173369257831627E-4
0.06718749999999989;1.0690783267767756;1.0694959898741423;4.1766309736668283E-4
0.06796874999999988;1.0699138705609812;1.070331860085518;4.179895245368659E-4
0.06874999999999988;1.070750067369488;1.0711683835756505;4.183162061623946E-4
0.06953124999999988;1.0715869177116133;1.0720055608551127;4.1864314349937537E-4
0.07031249999999988;1.0724244220986634;1.0728433924348773;4.1897033621385305E-4
0.07109374999999987;1.0732625810416607;1.073681878826316;4.1929778465532586E-4
0.07187499999999987;1.074101395052196;1.0745210205412006;4.196254890045381E-4
0.07265624999999987;1.0749408646421443;1.0753608180917023;4.1995344955791936E-4
0.07343749999999986;1.075780990323949;1.0762012719903928;4.202816664438114E-4
0.07421874999999986;1.076621772610622;1.0770423827502449;4.2061013962291227E-4
0.07499999999999986;1.0774632120146066;1.0778841508846313;4.2093887002470076E-4
0.07578124999999986;1.07830530905062;1.078726576907327;4.212678567070416E-4
0.07656249999999985;1.0791480642316742;1.079569661332508;4.2159710083389257E-4
0.07734374999999985;1.0799914780724862;1.0804134046747522;4.2192660226603174E-4
0.07812499999999985;1.0808355510877732;1.0812578074490395;4.222563612663599E-4
0.07890624999999984;1.0816802837925366;1.0821028701707525;4.225863782159056E-4
0.07968749999999984;1.0825256767031988;1.0829485933556768;4.22916652478067E-4
0.08046874999999984;1.0833717303347612;1.0837949775200009;4.232471852396724E-4
0.08124999999999984;1.0842184452039305;1.0846420231803164;4.2357797638592487E-4
0.08203124999999983;1.0850658218276976;1.0854897308536193;4.239090259217093E-4
0.08281249999999983;1.0859138607230534;1.0863381010573092;4.2424033425580987E-4
0.08359374999999983;1.0867625624075572;1.0871871343091901;4.245719016329197E-4
0.08437499999999983;1.087611927399621;1.088036831127471;4.2490372785009E-4
0.08515624999999982;1.0884619562170883;1.0888871920307657;4.252358136773715E-4
0.08593749999999982;1.0893126493789396;1.089738217538093;4.2556815915339996E-4
0.08671874999999982;1.0901640074050079;1.0905899081688781;4.259007638702794E-4
0.08749999999999981;1.0910160308139893;1.0914422644429516;4.2623362896221373E-4
0.08828124999999981;1.0918687201262856;1.0922952868805502;4.2656675426466784E-4
0.08906249999999981;1.0927220758628664;1.093148976002318;4.2690013945168026E-4
0.0898437499999998;1.093576098543565;1.0940033323293052;4.272337857402775E-4
0.0906249999999998;1.094430788690488;1.0948583563829697;4.2756769248164517E-4
0.0914062499999998;1.0952861468248898;1.0957140486851766;4.2790186028685007E-4
0.0921874999999998;1.0961421734691612;1.0965704097581994;4.2823628903820854E-4
0.0929687499999998;1.096998869145125;1.097427440124719;4.2857097959414503E-4
0.09374999999999979;1.0978562343763087;1.0982851403078255;4.289059315167876E-4
0.09453124999999979;1.0987142696859564;1.0991435108310177;4.2924114506126543E-4
0.09531249999999979;1.0995729755975958;1.1000025522182033;4.295766206074969E-4
0.09609374999999978;1.100432352635039;1.1008622649936994;4.2991235866041144E-4
0.09687499999999978;1.101292401323235;1.1017226496822332;4.302483589981865E-4
0.09765624999999978;1.1021531221871328;1.102583706808942;4.3058462180911583E-4
0.09843749999999978;1.1030145157519655;1.1034454368993731;4.3092114740761467E-4
0.09921874999999977;1.1038765825435348;1.1043078404794853;4.312579359504465E-4
0.09999999999999977;1.1047393230873581;1.1051709180756473;4.315949882891523E-4
0.10078124999999977;1.1056027379115108;1.1060346702146406;4.319323031298783E-4
0.10156249999999976;1.106466827541226;1.1068990974236572;4.3226988243127984E-4
0.10234374999999976;1.1073315925051475;1.1077642002303019;4.3260772515441026E-4
0.10312499999999976;1.1081970333307822;1.1086299791625915;4.32945831809306E-4
0.10390624999999976;1.1090631505459214;1.1094964347489555;4.332842030341233E-4
0.10468749999999975;1.109929944679493;1.1103635675182364;4.3362283874337493E-4
0.10546874999999975;1.1107974162609935;1.1112313779996903;4.3396173869680865E-4
0.10624999999999975;1.1116655658190666;1.1120998667229864;4.3430090391982645E-4
0.10703124999999974;1.1125343938840615;1.1129690342182084;4.34640334146863E-4
0.10781249999999974;1.1134039009863272;1.113838881015854;4.3498002952668813E-4
0.10859374999999974;1.1142740876564972;1.1147094076468356;4.3531999033841196E-4
0.10937499999999974;1.1151449544254888;1.1155806146424805;4.3566021699170676E-4
0.11015624999999973;1.1160165018250723;1.1164525025345313;4.36000709459039E-4
0.11093749999999973;1.1168887303867336;1.117325071855146;4.363414684123157E-4
0.11171874999999973;1.1177616406436641;1.1181983231368988;4.366824932346969E-4
0.11249999999999973;1.1186352331282023;1.1190722569127802;4.370237845778835E-4
0.11328124999999972;1.1195095083732554;1.1199468737161968;4.373653429414759E-4
0.11406249999999972;1.120384466912867;1.1208221740809725;4.3770716810542787E-4
0.11484374999999972;1.1212601092810814;1.1216981585413484;4.3804926026691504E-4
0.11562499999999971;1.1221364360116581;1.1225748276319825;4.383916203243299E-4
0.11640624999999971;1.1230134476406306;1.1234521818879517;4.387342473211042E-4
0.11718749999999971;1.123891144702327;1.1243302218447504;4.3907714242341633E-4
0.1179687499999997;1.1247695277327807;1.1252089480382916;4.3942030551091804E-4
0.1187499999999997;1.1256485972680252;1.1260883610049073;4.397637368820373E-4
0.1195312499999997;1.1265283538449467;1.1269684612813486;4.40107436401993E-4
0.1203124999999997;1.1274087980001468;1.1278492494047863;4.4045140463944144E-4
0.1210937499999997;1.1282899302710803;1.1287307259128105;4.4079564173027386E-4
0.12187499999999969;1.1291717511954857;1.129612891343432;4.411401479462729E-4
0.12265624999999969;1.1300542613116704;1.1304957462350818;4.414849234113394E-4
0.12343749999999969;1.13093746115851;1.1313792911266118;4.4182996810193664E-4
0.12421874999999968;1.1318213512743114;1.132263526557295;4.421752829835146E-4
0.12499999999999968;1.1327059321996558;1.1331484530668259;4.425208671701153E-4
0.12578124999999968;1.1335912044737029;1.134034071195321;4.428667216180848E-4
0.1265624999999997;1.1344771686367494;1.1349203814833184;4.432128465690077E-4
0.1273437499999997;1.135363825230229;1.1358073844717795;4.435592415505951E-4
0.1281249999999997;1.136251174794154;1.1366950807020875;4.4390590793352835E-4
0.12890624999999972;1.1371392178710948;1.1375834707160493;4.442528449544181E-4
0.12968749999999973;1.1380279550030536;1.1384725550558954;4.446000528417482E-4
0.13046874999999974;1.1389173867317481;1.1393623342642796;4.449475325314367E-4
0.13124999999999976;1.1398075136006014;1.14025280888428;4.4529528367864835E-4
0.13203124999999977;1.1406983361530365;1.1411439794593996;4.456433063630971E-4
0.13281249999999978;1.1415898549321923;1.1420358465335654;4.459916013730414E-4
0.1335937499999998;1.1424820704826288;1.14292841065113;4.463401685010915E-4
0.1343749999999998;1.143374983348906;1.1438216723568713;4.466890079652952E-4
0.1351562499999998;1.1442685940761521;1.1447156321959933;4.470381198411477E-4
0.13593749999999982;1.1451629032089272;1.1456102907141252;4.4738750519801584E-4
0.13671874999999983;1.1460579112943492;1.146505648457324;4.477371629747484E-4
0.13749999999999984;1.1469536188775464;1.147401705972072;4.480870945255955E-4
0.13828124999999986;1.147850026505921;1.1482984638052798;4.484372993587282E-4
0.13906249999999987;1.148747134726591;1.149195922504285;4.487877776939708E-4
0.13984374999999988;1.149644944086674;1.1500940826168526;4.491385301785833E-4
0.1406249999999999;1.1505434551344251;1.1509929446911764;4.4948955675128133E-4
0.1414062499999999;1.151442668418099;1.151892509275878;4.4984085777910465E-4
0.1421874999999999;1.152342584486803;1.1527927769200084;4.501924332054319E-4
0.14296874999999992;1.1532432038893603;1.153693748173047;4.505442836866269E-4
0.14374999999999993;1.1541445271762996;1.1545954235849034;4.508964086038514E-4
0.14453124999999994;1.1550465548967281;1.1554978037059165;4.5124880918834265E-4
0.14531249999999996;1.155949287601743;1.1564008890868553;4.5160148511236287E-4
0.14609374999999997;1.156852725842441;1.1573046802789198;4.519544364787187E-4
0.14687499999999998;1.157756870169635;1.1582091778337398;4.523076641047563E-4
0.14765625;1.1586617211361272;1.1591143823033774;4.52661167250179E-4
0.1484375;1.1595672792930145;1.160020294240325;4.5301494731053715E-4
0.14921875;1.160473545194236;1.160926914197508;4.5336900327197505E-4
0.15000000000000002;1.1613805193920257;1.161834242728283;4.5372333625737227E-4
0.15078125000000003;1.1622882024403225;1.1627422803864396;4.5407794611707075E-4
0.15156250000000004;1.1631965948933498;1.1636510277262;4.544328328501823E-4
0.15234375000000006;1.1641056973047625;1.1645604853022193;4.547879974567959E-4
0.15312500000000007;1.165015510229921;1.1654706536695865;4.551434396655729E-4
0.15390625000000008;1.1659260342247535;1.1663815333838246;4.5549915907106E-4
0.1546875000000001;1.1668372698440521;1.1672931250008902;4.5585515683810307E-4
0.1554687500000001;1.1677492176443138;1.1682054290771748;4.5621143286100896E-4
0.1562500000000001;1.1686618781820357;1.1691184461695046;4.5656798746884775E-4
0.15703125000000012;1.1695752520145675;1.170032176835141;4.569248205734677E-4
0.15781250000000013;1.1704893396992588;1.170946621631781;4.5728193252214666E-4
0.15859375000000014;1.171404141794028;1.1718617811175576;4.576393235296017E-4
0.15937500000000016;1.1723196588570772;1.1727776558510397;4.5799699396242843E-4
0.16015625000000017;1.1732358914474617;1.173694246391233;4.58354943771333E-4
0.16093750000000018;1.174152840123952;1.1746115532975798;4.587131736277783E-4
0.1617187500000002;1.175070505446456;1.1755295771299599;4.590716835037867E-4
0.1625000000000002;1.1759888879754499;1.1764483184486907;4.594304732408183E-4
0.1632812500000002;1.1769079882711253;1.1773677778145275;4.5978954340220035E-4
0.16406250000000022;1.1778278068939585;1.1782879557886634;4.601488947049148E-4
0.16484375000000023;1.1787483444066993;1.1792088529327311;4.605085260318553E-4
0.16562500000000024;1.1796696013695396;1.180130469808801;4.608684392615192E-4
0.16640625000000026;1.1805915783460819;1.181052806979384;4.6122863330211317E-4
0.16718750000000027;1.1815142758985075;1.1819758650074297;4.6158910892213356E-4
0.16796875000000028;1.182437694590135;1.1828996444563282;4.619498661933008E-4
0.1687500000000003;1.1833618349842823;1.1838241458899097;4.623109056274277E-4
0.1695312500000003;1.1842866976451205;1.184749369872445;4.6267222732443436E-4
0.1703125000000003;1.1852122831376732;1.1856753169686463;4.630338309730142E-4
0.17109375000000032;1.1861385920258272;1.1866019877436664;4.633957178392656E-4
0.17187500000000033;1.1870656248763112;1.187529382763101;4.6375788678987284E-4
0.17265625000000034;1.1879933822535804;1.1884575025929867;4.6412033940623765E-4
0.17343750000000036;1.188921864724648;1.1893863477998028;4.644830751547868E-4
0.17421875000000037;1.1898510728562428;1.1903159189504717;4.648460942289212E-4
0.17500000000000038;1.1907810072150937;1.1912462166123585;4.652093972647986E-4
0.1757812500000004;1.1917116683693507;1.192177241353272;4.655729839213585E-4
0.1765625000000004;1.1926430568863111;1.1931089937414645;4.6593685515339267E-4
0.1773437500000004;1.1935751733352618;1.1940414743456327;4.6630101037092864E-4
0.17812500000000042;1.1945080182843526;1.1949746837349173;4.666654505647294E-4
0.17890625000000043;1.1954415923037232;1.1959086224789046;4.6703017518145984E-4
0.17968750000000044;1.196375895962376;1.1968432911476252;4.6739518524918644E-4
0.18046875000000046;1.1973109298313034;1.197778690311556;4.677604802525437E-4
0.18125000000000047;1.1982466944806447;1.198714820541619;4.681260609742388E-4
0.18203125000000048;1.1991831904816763;1.1996516824091827;4.684919275064203E-4
0.1828125000000005;1.2001204184065273;1.2005892764860628;4.6885807953556125E-4
0.1835937500000005;1.2010583788261897;1.2015276033445208;4.692245183310906E-4
0.1843750000000005;1.2019970723142137;1.2024666635572663;4.695912430525695E-4
0.18515625000000052;1.2029364994430125;1.2034064576974561;4.699582544436254E-4
0.18593750000000053;1.2038766607855678;1.2043469863386949;4.7032555312709334E-4
0.18671875000000054;1.2048175569168507;1.2052882500550361;4.706931381854851E-4
0.18750000000000056;1.2057591884098429;1.2062302494209813;4.710610111384739E-4
0.18828125000000057;1.2067015558403682;1.2071729850114816;4.714291711134244E-4
0.18906250000000058;1.2076446597825452;1.2081164574019367;4.717976193915341E-4
0.1898437500000006;1.2085885008133346;1.2090606671681972;4.7216635486257985E-4
0.1906250000000006;1.209533079507139;1.210005614886562;4.725353794230447E-4
0.1914062500000006;1.2104783964420562;1.2109513011337825;4.7290469172622807E-4
0.19218750000000062;1.2114244521941941;1.2118977264870592;4.7327429286503353E-4
0.19296875000000063;1.2123712473413661;1.2128448915240446;4.7364418267847874E-4
0.19375000000000064;1.2133187824608171;1.2137927968228421;4.7401436202498815E-4
0.19453125000000066;1.2142670581314974;1.2147414429620074;4.743848305099885E-4
0.19531250000000067;1.215216074932357;1.2156908305205483;4.7475558819121133E-4
0.19609375000000068;1.216165833441778;1.2166409600779247;4.7512663614668327E-4
0.1968750000000007;1.2171163342404157;1.21759183221405;4.754979736343312E-4
0.1976562500000007;1.2180675779075045;1.2185434475092902;4.758696017856945E-4
0.1984375000000007;1.2190195650242686;1.2194958065444654;4.7624152019687394E-4
0.19921875000000072;1.2199722961716475;1.2204489099008495;4.766137292020467E-4
0.20000000000000073;1.2209257719311495;1.2214027581601707;4.76986229021259E-4
0.20078125000000074;1.2218799928842827;1.2223573519046116;4.7735902032886024E-4
0.20156250000000075;1.2228349596142607;1.2233126917168102;4.777321025495329E-4
0.20234375000000077;1.22379067270316;1.2242687781798596;4.7810547669957515E-4
0.20312500000000078;1.2247471327347625;1.2252256118773086;4.7847914254606216E-4
0.2039062500000008;1.225704340292566;1.2261831933931622;4.7885310059614383E-4
0.2046875000000008;1.226662295961205;1.2271415233118819;4.792273506768474E-4
0.2054687500000008;1.227621000325314;1.228100602218386;4.796018930719459E-4
0.20625000000000082;1.2285804539692435;1.2290604306980495;4.799767288059531E-4
0.20703125000000083;1.2295406574799017;1.2300210093367057;4.803518568039511E-4
0.20781250000000084;1.2305016114419232;1.2309823387206447;4.8072727872150445E-4
0.20859375000000085;1.231463316443353;1.231944419436616;4.811029932629829E-4
0.20937500000000087;1.2324257730696786;1.2329072520718267;4.814790021481219E-4
0.21015625000000088;1.2333889819095134;1.2338708372139435;4.8185530443012325E-4
0.2109375000000009;1.23435294355005;1.234835175451092;4.822319010420184E-4
0.2117187500000009;1.2353176585801862;1.2358002673718578;4.8260879167161264E-4
0.2125000000000009;1.236283127587967;1.2367661135652859;4.829859773187728E-4
0.21328125000000092;1.2372493511631433;1.237732714620882;4.8336345773880574E-4
0.21406250000000093;1.2382163298960336;1.2387000711286134;4.8374123257977075E-4
0.21484375000000094;1.2391840643755359;1.2396681836789067;4.8411930337088904E-4
0.21562500000000095;1.24015255519339;1.2406370528626516;4.844976692615077E-4
0.21640625000000097;1.2411218029401994;1.2416066792711986;4.84876330999251E-4
0.21718750000000098;1.2420918082077037;1.2425770634963609;4.852552886571715E-4
0.217968750000001;1.2430625715879273;1.243548206130414;4.8563454248662374E-4
0.218750000000001;1.2440340936734628;1.2445201077660963;4.8601409263349105E-4
0.219531250000001;1.2450063750571871;1.2454927689966098;4.8639393942262465E-4
0.22031250000000102;1.2459794163322613;1.2464661904156193;4.867740833580658E-4
0.22109375000000103;1.2469532180932674;1.2474403726172547;4.8715452398728765E-4
0.22187500000000104;1.2479277809336509;1.2484153161961091;4.8753526245826073E-4
0.22265625000000105;1.2489031054491306;1.2493910217472413;4.879162981106244E-4
0.22343750000000107;1.2498791922348573;1.2503674898661747;4.882976313174137E-4
0.22421875000000108;1.2508560418856973;1.251344721148898;4.886792632006198E-4
0.2250000000000011;1.2518336549987907;1.2523227161918657;4.890611930750133E-4
0.2257812500000011;1.2528120321707092;1.2533014755919991;4.894434212898702E-4
0.2265625000000011;1.2537911739980245;1.254280999946685;4.898259486605383E-4
0.22734375000000112;1.2547710810792978;1.2552612898537783;4.902087744804717E-4
0.22812500000000113;1.2557517540119534;1.2562423459116001;4.905918996467307E-4
0.22890625000000114;1.2567331933945525;1.2572241687189396;4.909753243871329E-4
0.22968750000000115;1.2577153998262247;1.2582067588750538;4.91359048829132E-4
0.23046875000000117;1.2586983739066682;1.2591901169796684;4.917430730002614E-4
0.23125000000000118;1.259682116235581;1.2601742436329775;4.92127397396569E-4
0.2320312500000012;1.2606666274135137;1.2611591394356443;4.925120221306312E-4
0.2328125000000012;1.2616519080413013;1.2621448049888015;4.928969475002098E-4
0.2335937500000012;1.2626379587203473;1.2631312408940518;4.93282173704479E-4
0.23437500000000122;1.2636247800526235;1.264118447753468;4.93667700844469E-4
0.23515625000000123;1.2646123726401015;1.265106426169593;4.940535294915005E-4
0.23593750000000124;1.265600737085606;1.2660951767454411;4.944396598351997E-4
0.23671875000000125;1.2665898739928139;1.267084700084498;4.94826091684164E-4
0.23750000000000127;1.2675797839654024;1.268074996790721;4.952128253186139E-4
0.23828125000000128;1.2685704676067644;1.2690660674685388;4.955998617743873E-4
0.2390625000000013;1.2695619255225665;1.2700579127228533;4.959872002867627E-4
0.2398437500000013;1.2705541583170543;1.2710505331590385;4.963748419841707E-4
0.2406250000000013;1.271547166596747;1.2720439293829422;4.967627861951485E-4
0.24140625000000132;1.2725409509673113;1.2730381020008854;4.971510335740614E-4
0.24218750000000133;1.2735355120349823;1.2740330516196627;4.97539584680462E-4
0.24296875000000134;1.2745308504068475;1.275028778846543;4.979284396955386E-4
0.24375000000000135;1.275526966691416;1.2760252842892708;4.983175978547916E-4
0.24453125000000137;1.2765238614952068;1.2770225685560639;4.987070608570843E-4
0.24531250000000138;1.2775215354278657;1.278020632255617;4.990968277511776E-4
0.2460937500000014;1.2785199890976173;1.2790194759970994;4.994868994820933E-4
0.2468750000000014;1.279519223113823;1.280019100390157;4.998772763340487E-4
0.2476562500000014;1.2805192380869812;1.2810195060449125;5.00267957931344E-4
0.24843750000000142;1.2815200346270217;1.282020693571965;5.006589449432219E-4
0.24921875000000143;1.282521613344727;1.2830226635823905;5.010502376634474E-4
0.25000000000000144;1.2835239748517324;1.2840254166877434;5.01441836010974E-4
0.25078125000000145;1.2845271197593888;1.2850289535000554;5.018337406665907E-4
0.25156250000000147;1.2855310486804683;1.286033274631837;5.022259513687288E-4
0.2523437500000015;1.2865357622274587;1.2870383806960772;5.026184686185431E-4
0.2531250000000015;1.2875412610134163;1.288044272306244;5.030112928277042E-4
0.2539062500000015;1.28854754565225;1.2890509500762848;5.034044240348479E-4
0.2546875000000015;1.289554616758437;1.2900584146206273;5.037978621902361E-4
0.2554687500000015;1.2905624749458866;1.2910666665541788;5.041916082921816E-4
0.25625000000000153;1.2915711208307812;1.2920757064923278;5.045856615466526E-4
0.25703125000000154;1.2925805550275982;1.2930855350509431;5.049800233449808E-4
0.25781250000000155;1.2935907781530886;1.2940961528463752;5.053746932865977E-4
0.25859375000000157;1.294601790824288;1.2951075604954567;5.057696711687765E-4
0.2593750000000016;1.2956135936570945;1.2961197586155013;5.061649584068295E-4
0.2601562500000016;1.2966261872699647;1.297132747824306;5.065605543412843E-4
0.2609375000000016;1.2976395722810707;1.2981465287401506;5.069564590798326E-4
0.2617187500000016;1.2986537493080164;1.2991611019817975;5.073526737811029E-4
0.2625000000000016;1.299668718970679;1.3001764681684933;5.077491978142668E-4
0.26328125000000163;1.3006844818877994;1.3011926279199681;5.081460321687548E-4
0.26406250000000164;1.3017010386803918;1.3022095818564372;5.085431760454284E-4
0.26484375000000165;1.3027183899677652;1.3032273305985995;5.08940630834287E-4
0.26562500000000167;1.3037365363717868;1.30424587476764;5.093383958532094E-4
0.2664062500000017;1.3047554785131865;1.3052652149852284;5.097364720418884E-4
0.2671875000000017;1.3057752170141157;1.3062853518735207;5.10134859404987E-4
0.2679687500000017;1.306795752497294;1.3073062860551592;5.105335578652337E-4
0.2687500000000017;1.3078170855851567;1.3083280181532726;5.109325681158516E-4
0.2695312500000017;1.3088392169015606;1.309350548791477;5.113318899163666E-4
0.27031250000000173;1.3098621470695093;1.310373878593875;5.117315243656773E-4
0.27109375000000174;1.3108858767145648;1.3113980081850583;5.121314704934488E-4
0.27187500000000175;1.3119104064602993;1.3124229381901054;5.125317298060317E-4
0.27265625000000177;1.3129357369331274;1.3134486692345844;5.12932301456992E-4
0.2734375000000018;1.3139618687577581;1.3144752019445514;5.133331867932522E-4
0.2742187500000018;1.314988802562027;1.315502536946553;5.137343845258435E-4
0.2750000000000018;1.3160165389709277;1.316530674867624;5.141358966962439E-4
0.2757812500000018;1.3170450786131482;1.3175596163352905;5.14537722142272E-4
0.2765625000000018;1.3180744221156715;1.3185893619775684;5.149398618968792E-4
0.27734375000000183;1.3191045701071857;1.3196199124229646;5.153423157788772E-4
0.27812500000000184;1.320135523216095;1.3206512683004772;5.157450843822353E-4
0.27890625000000185;1.32116728207194;1.321683430239596;5.161481676558832E-4
0.27968750000000187;1.322199847304546;1.3227163988703026;5.165515657565845E-4
0.2804687500000019;1.3232332195434537;1.323750174823071;5.169552796171484E-4
0.2812500000000019;1.3242673994204779;1.3247847587288681;5.173593083902528E-4
0.2820312500000019;1.3253023875654435;1.3258201512191536;5.17763653710146E-4
0.2828125000000019;1.3263381846115863;1.3268563529258814;5.181683142951865E-4
0.2835937500000019;1.3273747911898681;1.3278933644814985;5.185732916304087E-4
0.28437500000000193;1.328412207933809;1.3289311865189468;5.189785851378304E-4
0.28515625000000194;1.329450435476076;1.3299698196716625;5.19384195586392E-4
0.28593750000000195;1.3304894744504736;1.331009264573577;5.197901231033253E-4
0.28671875000000197;1.3315293254910898;1.3320495218591168;5.201963680270261E-4
0.287500000000002;1.33256998923315;1.3330905921632052;5.206029300552917E-4
0.288281250000002;1.3336114663113108;1.334132476121261;5.210098099501792E-4
0.289062500000002;1.334653757361366;1.3351751743691995;5.214170078335911E-4
0.289843750000002;1.335696863019109;1.3362186875434332;5.218245243241437E-4
0.290625000000002;1.336740783922039;1.3372630162808723;5.222323588331967E-4
0.29140625000000203;1.3377855207068023;1.3383081612189245;5.226405121221411E-4
0.29218750000000204;1.3388310740106135;1.3393541229954953;5.230489848817577E-4
0.29296875000000205;1.3398774444726769;1.3404009022489896;5.234577763126858E-4
0.29375000000000207;1.3409246327307756;1.3414484996183105;5.238668875349184E-4
0.2945312500000021;1.3419726394241138;1.3424969157428606;5.242763187467414E-4
0.2953125000000021;1.343021465193317;1.3435461512625428;5.246860692258437E-4
0.2960937500000021;1.344071110677021;1.3445962068177593;5.250961407383681E-4
0.2968750000000021;1.345121576517272;1.3456470830494134;5.255065321414509E-4
0.2976562500000021;1.3461728633544112;1.346698780598909;5.259172444977978E-4
0.29843750000000213;1.3472249718299167;1.3477513001081511;5.263282782344003E-4
0.29921875000000214;1.3482779025869718;1.3488046422195472;5.267396325754348E-4
0.30000000000000215;1.3493316562673385;1.349858807576006;5.271513086675395E-4
0.30078125000000216;1.3503862335142003;1.350913796820939;5.275633067387542E-4
0.3015625000000022;1.3514416349718772;1.3519696105982608;5.279756263836255E-4
0.3023437500000022;1.3524978612835525;1.3530262495523886;5.283882688360553E-4
0.3031250000000022;1.3535549130949676;1.354083714328244;5.288012332764769E-4
0.3039062500000022;1.3546127910507266;1.3551420055712524;5.292145205257892E-4
0.3046875000000022;1.3556714957962868;1.3562011239273433;5.296281310565032E-4
0.30546875000000223;1.3567310279782419;1.3572610700429513;5.300420647094128E-4
0.30625000000000224;1.3577913882431858;1.3583218445650163;5.304563218304637E-4
0.30703125000000225;1.358852577238281;1.3593834481409837;5.308709027027625E-4
0.30781250000000226;1.3599145956109737;1.3604458814188047;5.312858078310168E-4
0.3085937500000023;1.3609774440101319;1.3615091450469377;5.317010368057762E-4
0.3093750000000023;1.3620411230834861;1.3625732396743466;5.321165908604986E-4
0.3101562500000023;1.3631056334813252;1.363638165950504;5.325324691787259E-4
0.3109375000000023;1.364170975852801;1.364703924525389;5.329486725880184E-4
0.3117187500000023;1.3652371508476335;1.3657705160494886;5.333652018550961E-4
0.31250000000000233;1.3663041591181013;1.3668379411737996;5.337820556983175E-4
0.31328125000000234;1.3673720013136403;1.367906200549826;5.341992361855841E-4
0.31406250000000235;1.3684406780870972;1.3689752948295815;5.346167424842285E-4
0.31484375000000236;1.3695101900907503;1.3700452246655899;5.350345748396101E-4
0.3156250000000024;1.3705805379768776;1.3711159907108843;5.354527340066806E-4
0.3164062500000024;1.3716517223991787;1.3721875936190087;5.358712198300086E-4
0.3171875000000024;1.3727237440113527;1.3732600340440175;5.362900326648656E-4
0.3179687500000024;1.3737966034673832;1.3743333126404764;5.367091730932305E-4
0.3187500000000024;1.3748703014223906;1.3754074300634627;5.371286410720266E-4
0.31953125000000243;1.3759448385317796;1.3764823869685656;5.375484367859951E-4
0.32031250000000244;1.3770202154515232;1.3775581840118871;5.379685603639217E-4
0.32109375000000245;1.3780964328373102;1.3786348218500413;5.383890127310664E-4
0.32187500000000246;1.379173491346819;1.379712301140156;5.388097933369806E-4
0.3226562500000025;1.380251391636591;1.380790622539872;5.392309032810072E-4
0.3234375000000025;1.3813301343657258;1.3818697867073453;5.396523416194565E-4
0.3242187500000025;1.3824097201913332;1.3829497943012448;5.400741099115258E-4
0.3250000000000025;1.3834901497730812;1.384030645980755;5.40496207673824E-4
0.3257812500000025;1.384571423770069;1.3851123424055753;5.409186355063156E-4
0.32656250000000253;1.3856535428428174;1.3861948842359213;5.413413931039113E-4
0.32734375000000254;1.3867365076512783;1.3872782721325239;5.417644812455435E-4
0.32812500000000255;1.3878203188562566;1.3883625067566303;5.421879003737473E-4
0.32890625000000256;1.388904977119978;1.3894475887700053;5.426116500273359E-4
0.3296875000000026;1.3899904831041;1.3905335188349304;5.430357308304767E-4
0.3304687500000026;1.391076837470564;1.3916202976142042;5.43460143640262E-4
0.3312500000000026;1.3921640408835856;1.3927079257711446;5.438848875589652E-4
0.3320312500000026;1.393252094005959;1.3937964039695867;5.443099636277537E-4
0.3328125000000026;1.3943409975018994;1.394885732873885;5.447353719856274E-4
0.33359375000000263;1.3954307520361908;1.3959759131489133;5.451611127225142E-4
0.33437500000000264;1.396521358273617;1.3970669454600646;5.455871864477047E-4
0.33515625000000265;1.3976128168806667;1.3981588304732526;5.460135925858811E-4
0.33593750000000266;1.3987051285221241;1.3992515688549105;5.464403327863909E-4
0.3367187500000027;1.3997982938661835;1.4003451612719935;5.468674058100031E-4
0.3375000000000027;1.4008923135787654;1.401439608391977;5.472948132114741E-4
0.3382812500000027;1.4019871883286328;1.4025349108828586;5.477225542258601E-4
0.3390625000000027;1.4030829187836957;1.4036310694131584;5.481506294626737E-4
0.3398437500000027;1.4041795056121487;1.404728084651918;5.485790397692369E-4
0.34062500000000273;1.4052769494844597;1.4058259572687026;5.490077842429386E-4
0.34140625000000274;1.4063752510691074;1.4069246879336004;5.494368644929359E-4
0.34218750000000275;1.4074744110376969;1.4080242773172236;5.498662795266895E-4
0.34296875000000276;1.4085744300601277;1.409124726090708;5.502960305803217E-4
0.3437500000000028;1.4096753088082892;1.4102260349257145;5.507261174253486E-4
0.3445312500000028;1.4107770479543547;1.4113282044944289;5.511565400742047E-4
0.3453125000000028;1.4118796481702134;1.4124312354695618;5.51587299348455E-4
0.3460937500000028;1.4129831101288914;1.41353512852435;5.520183954585978E-4
0.3468750000000028;1.4140874345042675;1.4146398843325565;5.524498282889478E-4
0.34765625000000283;1.4151926219702204;1.4157455035684707;5.528815982502877E-4
0.34843750000000284;1.416298673200913;1.416851986906909;5.533137059958726E-4
0.34921875000000285;1.4174055888722137;1.4179593350232154;5.537461510016772E-4
0.35000000000000286;1.4185133696588537;1.4190675485932613;5.541789344076786E-4
0.3507812500000029;1.419622016237554;1.420176628293447;5.546120558930223E-4
0.3515625000000029;1.4207315292850353;1.4212865748007009;5.550455156655421E-4
0.3523437500000029;1.4218419094780188;1.4223973887924806;5.554793144617598E-4
0.3531250000000029;1.4229531574943621;1.423509070946773;5.559134524109055E-4
0.3539062500000029;1.4240652740127757;1.4246216219420955;5.563479293198004E-4
0.35468750000000293;1.4251782597116858;1.4257350424574953;5.567827458095032E-4
0.35546875000000294;1.426292115270087;1.42684933317255;5.57217902463103E-4
0.35625000000000295;1.4274068413681107;1.4279644947673689;5.576533992581734E-4
0.35703125000000296;1.4285224386867412;1.4290805279225929;5.580892358516554E-4
0.357812500000003;1.4296389079058258;1.4301974333193943;5.585254135684892E-4
0.358593750000003;1.4307562497074855;1.4313152116394783;5.589619319927852E-4
0.359375000000003;1.4318744647732728;1.4324338635650824;5.593987918095511E-4
0.360156250000003;1.4329935537861616;1.4335533897789778;5.598359928162822E-4
0.360937500000003;1.4341135174291253;1.4346737909644693;5.602735353440469E-4
0.36171875000000303;1.4352343563851377;1.4357950678053952;5.60711420257487E-4
0.36250000000000304;1.4363560713388779;1.4369172209861287;5.61149647250847E-4
0.36328125000000305;1.4374786629750247;1.438040251191578;5.615882165532771E-4
0.36406250000000306;1.4386021319782571;1.439164159107186;5.620271289288326E-4
0.3648437500000031;1.4397264790346753;1.4402889454189318;5.624663842564992E-4
0.3656250000000031;1.4408517048306635;1.4414146108133308;5.629059826672833E-4
0.3664062500000031;1.441977810052606;1.4425411559774344;5.633459248284289E-4
0.3671875000000031;1.4431047953880238;1.4436685815988313;5.637862108074376E-4
0.3679687500000031;1.4442326615250067;1.4447968883656477;5.642268406409467E-4
0.36875000000000313;1.4453614091510758;1.445926076966547;5.646678154711537E-4
0.36953125000000314;1.4464910389563101;1.4470561480907316;5.651091344214265E-4
0.37031250000000315;1.447621551629652;1.4481871024279422;5.655507982902375E-4
0.37109375000000316;1.4487529478608963;1.4493189406684586;5.6599280756231E-4
0.3718750000000032;1.4498852283406904;1.4504516635030997;5.664351624092845E-4
0.3726562500000032;1.4510183937605348;1.4515852716232251;5.668778626903848E-4
0.3734375000000032;1.4521524448116452;1.4527197657207342;5.673209090890641E-4
0.3742187500000032;1.4532873821863745;1.4538551464880674;5.67764301692808E-4
0.3750000000000032;1.45442320657736;1.454991414618206;5.682080408460077E-4
0.37578125000000323;1.455559918678091;1.4561285708046732;5.68652126582192E-4
0.37656250000000324;1.456697519181489;1.4572666157415337;5.690965600446685E-4
0.37734375000000325;1.4578360087833175;1.4584055501233957;5.695413400781391E-4
0.37812500000000326;1.4589753881770662;1.459545374645409;5.699864683428313E-4
0.3789062500000033;1.4601156580590668;1.4606860900032677;5.70431944200811E-4
0.3796875000000033;1.4612568191247988;1.461827696893209;5.708777684101385E-4
0.3804687500000033;1.4623988720711623;1.4629701960120145;5.713239408522419E-4
0.3812500000000033;1.4635418175950576;1.4641135880570106;5.717704619530029E-4
0.3820312500000033;1.4646856563936694;1.4652578737260682;5.722173323987612E-4
0.38281250000000333;1.4658303891658875;1.466403053717604;5.726645517165618E-4
0.38359375000000334;1.466976016609749;1.4675491287305804;5.731121208314427E-4
0.38437500000000335;1.4681225394249964;1.4686960994645062;5.735600395098128E-4
0.38515625000000336;1.469269958311088;1.4698439666194367;5.740083083487502E-4
0.3859375000000034;1.4704182739683347;1.4709927308959745;5.744569276397993E-4
0.3867187500000034;1.4715674870979;1.4721423929952697;5.749058973696375E-4
0.3875000000000034;1.4727175984009477;1.4732929536190205;5.753552180727262E-4
0.3882812500000034;1.4738686085794939;1.4744444134694732;5.758048899793256E-4
0.3890625000000034;1.475020518335839;1.475596773249423;5.76254913584151E-4
0.38984375000000343;1.4761733283739886;1.4767500336622152;5.767052882266199E-4
0.39062500000000344;1.4773270393962434;1.4779041954117436;5.771560155001243E-4
0.39140625000000345;1.4784816521074617;1.4790592592024525;5.77607094990773E-4
0.39218750000000346;1.4796371672127862;1.4802152257393375;5.780585265513505E-4
0.3929687500000035;1.4807935854165066;1.4813720957279441;5.78510311437519E-4
0.3937500000000035;1.481950907425471;1.4825298698743703;5.789624488992118E-4
0.3945312500000035;1.4831091339448221;1.4836885488852647;5.794149404425575E-4
0.3953125000000035;1.4842682656828288;1.4848481334678294;5.798677850006317E-4
0.3960937500000035;1.4854283033460547;1.4860086243298185;5.803209837638157E-4
0.39687500000000353;1.4865892476430531;1.4871700221795396;5.80774536486528E-4
0.39765625000000354;1.4877510992815246;1.4883323277258533;5.812284443287297E-4
0.39843750000000355;1.488913858972012;1.4894955416781752;5.816827061633223E-4
0.39921875000000356;1.4900775274230682;1.4906596647464745;5.821373234062843E-4
0.4000000000000036;1.4912421053455205;1.4918246976412757;5.82592295755191E-4
0.4007812500000036;1.4924075934496273;1.4929906410736582;5.830476240309412E-4
0.4015625000000036;1.4935739924473523;1.4941574957552577;5.835033079053531E-4
0.4023437500000036;1.4947413030503753;1.4953252623982658;5.839593478904614E-4
0.4031250000000036;1.4959095259709443;1.4964939417154306;5.844157444863107E-4
0.40390625000000363;1.497078661922444;1.4976635344200575;5.84872497613409E-4
0.40468750000000364;1.4982487116182597;1.4988340412260093;5.853296077495962E-4
0.40546875000000365;1.4994196757723444;1.5000054628477064;5.857870753620542E-4
0.40625000000000366;1.5005915551000726;1.5011778000001283;5.862449000557657E-4
0.4070312500000037;1.501764350315682;1.5023510533988125;5.867030831305797E-4
0.4078125000000037;1.5029380621359678;1.5035252237598562;5.871616238883881E-4
0.4085937500000037;1.5041126912768732;1.5047003117999163;5.876205230430642E-4
0.4093750000000037;1.5052882384551936;1.5058763182362094;5.880797810158267E-4
0.4101562500000037;1.506464704388577;1.507053243786513;5.885393979359055E-4
0.41093750000000373;1.5076420897952403;1.5082310891691655;5.889993739252031E-4
0.41171875000000374;1.5088203953933998;1.5094098551030666;5.894597096667287E-4
0.41250000000000375;1.5099996219029777;1.5105895423076783;5.899204047006279E-4
0.41328125000000376;1.5111797700427587;1.5117701515030242;5.903814602654656E-4
0.4140625000000038;1.5123608405338018;1.5129516834096912;5.908428758893969E-4
0.4148437500000038;1.513542834096313;1.514134138748829;5.913046525158894E-4
0.4156250000000038;1.5147257514527723;1.5153175182421514;5.917667893791112E-4
0.4164062500000038;1.5159095933239541;1.5165018226119358;5.922292879816382E-4
0.4171875000000038;1.5170943604329068;1.517687052581024;5.92692148117191E-4
0.41796875000000383;1.518280053503247;1.5188732088728234;5.931553695763814E-4
0.41875000000000384;1.519466673258023;1.5200602922113062;5.936189532831371E-4
0.41953125000000385;1.5206542204217044;1.5212483033210107;5.940828993062919E-4
0.42031250000000386;1.5218426957190445;1.5224372429270412;5.945472079966763E-4
0.4210937500000039;1.5230320998756497;1.523627111755069;5.950118794193493E-4
0.4218750000000039;1.5242224336174104;1.5248179105313326;5.954769139222549E-4
0.4226562500000039;1.5254136976705013;1.5260096399826377;5.959423121364438E-4
0.4234375000000039;1.526605892762234;1.5272023008363582;5.964080741243105E-4
0.4242187500000039;1.5277990196204883;1.5283958938204367;5.968741999484717E-4
0.42500000000000393;1.5289930789734285;1.5295904196633847;5.97340689956205E-4
0.42578125000000394;1.530188071549503;1.5307858790942828;5.978075447796716E-4
0.42656250000000395;1.5313839980782973;1.5319822728427814;5.982747644841524E-4
0.42734375000000396;1.5325808592899648;1.5331796016391017;5.98742349136927E-4
0.428125000000004;1.5337786559143751;1.5343778662140348;5.992102996597026E-4
0.428906250000004;1.5349773886836715;1.535577067298944;5.996786152724365E-4
0.429687500000004;1.5361770583282919;1.536777205625763;6.001472974710431E-4
0.430468750000004;1.5373776655812321;1.5379782819269983;6.006163457661362E-4
0.431250000000004;1.538579211175204;1.5391802969357289;6.010857605249775E-4
0.43203125000000403;1.5397816958434873;1.5403832513856066;6.015555421192698E-4
0.43281250000000404;1.5409851203196467;1.5415871460108563;6.020256912095956E-4
0.43359375000000405;1.5421894853386675;1.5427919815462772;6.024962076096596E-4
0.43437500000000406;1.5433947916358193;1.5439977587272427;6.029670914233787E-4
0.4351562500000041;1.5446010399460874;1.5452044782897005;6.034383436130941E-4
0.4359375000000041;1.5458082310058785;1.5464121409701739;6.039099642953794E-4
0.4367187500000041;1.5470163655527358;1.547620747505762;6.043819530261452E-4
0.4375000000000041;1.54822544432335;1.5488302986341396;6.048543107894933E-4
0.4382812500000041;1.5494354680552647;1.5500407950935577;6.053270382930798E-4
0.43906250000000413;1.5506464374882967;1.5512522376228455;6.058001345488062E-4
0.43984375000000414;1.5518583533605579;1.5524646269614084;6.062736008505265E-4
0.44062500000000415;1.5530712164121496;1.5536779638492304;6.06747437080779E-4
0.44140625000000416;1.554285027382889;1.5548922490268733;6.072216439843015E-4
0.4421875000000042;1.5554997870145826;1.5561074832354784;6.076962208958481E-4
0.4429687500000042;1.5567154960473317;1.5573236672167654;6.0817116943368E-4
0.4437500000000042;1.5579321552246483;1.5585408017130347;6.086464883863218E-4
0.4445312500000042;1.5591497652874864;1.5597588874671655;6.091221796791224E-4
0.4453125000000042;1.5603683269804947;1.560977925222619;6.095982421243651E-4
0.44609375000000423;1.5615878410466166;1.5621979157234367;6.100746768200604E-4
0.44687500000000424;1.5628083082302169;1.5634188597142415;6.105514840246684E-4
0.44765625000000425;1.5640297292767968;1.564640757940239;6.110286634422035E-4
0.44843750000000426;1.565252104930721;1.5658636111472162;6.115062164950835E-4
0.4492187500000043;1.5664754359394806;1.567087420081544;6.119841420633154E-4
0.4500000000000043;1.5676997230485767;1.5683121854901756;6.124624415988489E-4
0.4507812500000043;1.5689249670057848;1.5695379081206489;6.129411148640962E-4
0.4515625000000043;1.5701511685588798;1.5707645887210855;6.13420162205669E-4
0.4523437500000043;1.5713783284562055;1.571992228040192;6.138995839863881E-4
0.45312500000000433;1.5726064474466739;1.5732208268272596;6.143793805857278E-4
0.45390625000000434;1.5738355262803339;1.5744503858321661;6.148595518322697E-4
0.45468750000000435;1.57506556570695;1.5756809058053747;6.15340098424566E-4
0.45546875000000436;1.57629656647714;1.576912387497935;6.158210207949377E-4
0.4562500000000044;1.5775285293423735;1.5781448316614837;6.163023191101402E-4
0.4570312500000044;1.5787614550549733;1.5793782390482454;6.167839932720298E-4
0.4578125000000044;1.5799953443669779;1.580612610411032;6.172660440542099E-4
0.4585937500000044;1.5812301980315624;1.5818479465032442;6.177484716818338E-4
0.4593750000000044;1.582466016802755;1.5830842480788714;6.182312761164876E-4
0.46015625000000443;1.583702801434299;1.584321515892492;6.187144581928372E-4
0.46093750000000444;1.584940552681644;1.5855597506992745;6.191980176304401E-4
0.46171875000000445;1.5861792712999545;1.5867989532549776;6.196819550230437E-4
0.46250000000000446;1.587418958045248;1.5880391243159504;6.201662707023825E-4
0.4632812500000045;1.5886596136741105;1.5892802646391333;6.206509650228398E-4
0.4640625000000045;1.5899012389439804;1.5905223749820583;6.211360380778963E-4
0.4648437500000045;1.5911438346128648;1.5917654561028496;6.216214899847916E-4
0.4656250000000045;1.5923874014384864;1.5930095087602234;6.221073217369533E-4
0.4664062500000045;1.5936319401805576;1.5942545337134895;6.225935329318144E-4
0.46718750000000453;1.5948774515985065;1.5955005317225508;6.230801240443284E-4
0.46796875000000454;1.5961239364520452;1.596747503547904;6.235670958587569E-4
0.46875000000000455;1.5973713955028757;1.5979954499506406;6.240544477649212E-4
0.46953125000000456;1.5986198295115628;1.5992443716924465;6.245421808837026E-4
0.4703125000000046;1.5998692392403768;1.600494269535603;6.250302952262032E-4
0.4710937500000046;1.6011196254521565;1.6017451442429875;6.255187908310589E-4
0.4718750000000046;1.6023709889097404;1.6029969965780733;6.26007668332873E-4
0.4726562500000046;1.6036233303771041;1.6042498273049304;6.264969278262367E-4
0.4734375000000046;1.6048766506182233;1.6055036371882259;6.269865700025967E-4
0.47421875000000463;1.6061309503987786;1.606758426993225;6.274765944462857E-4
0.47500000000000464;1.6073862304835984;1.6080141974857902;6.279670021918093E-4
0.47578125000000465;1.6086424916395003;1.6092709494323836;6.284577928832302E-4
0.47656250000000466;1.6098997346324495;1.6105286836000652;6.289489676156723E-4
0.4773437500000047;1.6111579602306847;1.6117874007564954;6.294405258107094E-4
0.4781250000000047;1.6124171692013078;1.613047101669934;6.299324686260821E-4
0.4789062500000047;1.6136773623136946;1.6143077871092415;6.304247955468689E-4
0.4796875000000047;1.6149385403366523;1.6155694578438795;6.309175072272133E-4
0.4804687500000047;1.6162007040395565;1.6168321146439104;6.314106043538992E-4
0.48125000000000473;1.6174638541937725;1.6180957582799993;6.319040862268199E-4
0.48203125000000474;1.61872799156896;1.6193603895234125;6.323979544524683E-4
0.48281250000000475;1.6199931169376214;1.62062600914602;6.328922083986832E-4
0.48359375000000476;1.6212592310714058;1.6218926179202946;6.333868488888061E-4
0.4843750000000048;1.6225263347439522;1.6231602166193133;6.338818753610642E-4
0.4851562500000048;1.6237944287277628;1.6244288060167569;6.343772889940702E-4
0.4859375000000048;1.6250635137967606;1.6256983868869106;6.348730901499788E-4
0.4867187500000048;1.62633359072629;1.6269689600046655;6.353692783755971E-4
0.4875000000000048;1.6276046602908423;1.6282405261455177;6.358658546754548E-4
0.48828125000000483;1.6288767232666146;1.6295130860855698;6.363628189551829E-4
0.48906250000000484;1.6301497804298037;1.6307866406015306;6.368601717268163E-4
0.48984375000000485;1.6314238325577435;1.6320611904707163;6.373579129728135E-4
0.49062500000000486;1.6326988804274833;1.6333367364710503;6.3785604356692E-4
0.4914062500000049;1.6339749248177782;1.6346132793810642;6.383545632859811E-4
0.4921875000000049;1.6352519665073828;1.635890819979898;6.388534725152439E-4
0.4929687500000049;1.6365300062753363;1.6371693590473007;6.393527719643632E-4
0.4937500000000049;1.6378090449020988;1.6384488973636304;6.398524615316425E-4
0.4945312500000049;1.6390890831684146;1.6397294357098557;6.403525414411249E-4
0.49531250000000493;1.6403701218553124;1.6410109748675552;6.408530122428147E-4
0.49609375000000494;1.641652161744389;1.642293515618918;6.413538745289049E-4
0.49687500000000495;1.642935203618947;1.6435770587467453;6.418551277982409E-4
0.49765625000000496;1.6442192482611517;1.6448616050344493;6.423567732976032E-4
0.498437500000005;1.6455042964557265;1.6461471552660554;6.428588103288835E-4
0.499218750000005;1.6467903489859737;1.6474337102262007;6.433612402270139E-4
0.500000000000005;1.6480774066377535;1.6487212707001364;6.438640623829262E-4
0.500781250000005;1.6493654701957894;1.6500098374737269;6.443672779374854E-4
0.5015625000000049;1.6506545404467943;1.651299411333451;6.448708866566566E-4
0.5023437500000049;1.651944618177481;1.652589993066402;6.453748889210242E-4
0.5031250000000048;1.6532357041754153;1.6538815834602891;6.458792848738071E-4
0.5039062500000048;1.6545277992281626;1.6551741833034361;6.463840752735095E-4
0.5046875000000047;1.6558209041247096;1.6564677933847836;6.468892600739462E-4
0.5054687500000047;1.657115019654043;1.6577624144938883;6.473948398453278E-4
0.5062500000000046;1.658410146606002;1.6590580474209242;6.479008149222754E-4
0.5070312500000046;1.659706285771847;1.6603546929566835;6.48407184836497E-4
0.5078125000000046;1.6610034379414174;1.6616523518925752;6.489139511578479E-4
0.5085937500000045;1.6623016039073946;1.6629510250206279;6.49421113233295E-4
0.5093750000000045;1.6636007844618916;1.6642507131334887;6.499286715970776E-4
0.5101562500000044;1.66490098039759;1.6655514170244243;6.504366268342832E-4
0.5109375000000044;1.6662021925085924;1.6668531374873217;6.509449787293065E-4
0.5117187500000043;1.6675044215881485;1.6681558753166874;6.514537285389199E-4
0.5125000000000043;1.6688076684320663;1.66945963130765;6.519628755836671E-4
0.5132812500000042;1.6701119338355852;1.670764406255959;6.524724203738064E-4
0.5140625000000042;1.6714172185939447;1.6720702009579855;6.529823640408772E-4
0.5148437500000042;1.6727235235052262;1.673377016210724;6.534927054977491E-4
0.5156250000000041;1.674030849365522;1.6746848528117908;6.540034462687583E-4
0.5164062500000041;1.675339196973482;1.6759937115594263;6.545145859442325E-4
0.517187500000004;1.676648567127188;1.6773035932524945;6.550261253064349E-4
0.517968750000004;1.6779589606258583;1.6786144986904834;6.555380646251496E-4
0.5187500000000039;1.6792703782698482;1.6799264286735067;6.560504036585701E-4
0.5195312500000039;1.6805828208589446;1.6812393840023028;6.565631433581576E-4
0.5203125000000038;1.6818962891943556;1.6825533654782359;6.570762838802313E-4
0.5210937500000038;1.6832107840781418;1.683868373903297;6.575898251550694E-4
0.5218750000000038;1.6845263063123639;1.6851844100801034;6.581037677395596E-4
0.5226562500000037;1.6858428566993666;1.6865014748118998;6.586181125332047E-4
0.5234375000000037;1.6871604360437686;1.687819568902559;6.591328587903789E-4
0.5242187500000036;1.6884790451490517;1.6891386931565817;6.596480075300448E-4
0.5250000000000036;1.6897986848201185;1.6904588483790974;6.601635589789101E-4
0.5257812500000035;1.6911193558624404;1.691780035375865;6.606795134245225E-4
0.5265625000000035;1.6924410590826255;1.6931022549532733;6.611958706477239E-4
0.5273437500000034;1.6937637952864293;1.6944255079183408;6.617126319115041E-4
0.5281250000000034;1.6950875652818809;1.6957497950787173;6.622297968363888E-4
0.5289062500000034;1.696412369876441;1.6970751172426832;6.627473662421668E-4
0.5296875000000033;1.6977382098795601;1.6984014752191516;6.6326533959149E-4
0.5304687500000033;1.6990650860992673;1.6997288698176667;6.637837183993689E-4
0.5312500000000032;1.700392999346434;1.701057301848406;6.64302501972136E-4
0.5320312500000032;1.701721950431363;1.7023867721221806;6.648216908176074E-4
0.5328125000000031;1.7030519401643573;1.703717281450434;6.653412860766483E-4
0.5335937500000031;1.704382969358278;1.7050488306452452;6.658612869672176E-4
0.534375000000003;1.705715038825133;1.7063814205193273;6.663816941943068E-4
0.535156250000003;1.7070481493774992;1.7077150518860285;6.66902508529299E-4
0.535937500000003;1.7083823018299427;1.709049725559333;6.674237293904373E-4
0.5367187500000029;1.7097174969956086;1.710385442353861;6.679453582523198E-4
0.5375000000000029;1.7110537356907685;1.7117222030848693;6.68467394100869E-4
0.5382812500000028;1.7123910187297042;1.713060008568252;6.689898385476845E-4
0.5390625000000028;1.71372934692954;1.7143988596205406;6.695126910005733E-4
0.5398437500000027;1.7150687211065474;1.715738757058905;6.70035952357706E-4
0.5406250000000027;1.7164091420789873;1.7170797017011543;6.705596221669996E-4
0.5414062500000026;1.717750610663984;1.7184216943657356;6.71083701751618E-4
0.5421875000000026;1.7190931276809351;1.7197647358717363;6.716081908011429E-4
0.5429687500000026;1.720436693949523;1.7211088270388843;6.721330893613153E-4
0.5437500000000025;1.721781310288577;1.7224539686875473;6.726583989702384E-4
0.5445312500000025;1.7231269775203373;1.723800161638735;6.731841183977849E-4
0.5453125000000024;1.7244736964650542;1.7251474067140984;6.737102490441682E-4
0.5460937500000024;1.7258214679452522;1.7264957047359306;6.742367906784619E-4
0.5468750000000023;1.727170292782887;1.7278450565271672;6.747637442803267E-4
0.5476562500000023;1.728520171802188;1.7291954629113877;6.752911091996161E-4
0.5484375000000022;1.7298711058262484;1.7305469247128145;6.75818886566093E-4
0.5492187500000022;1.7312230956798658;1.7318994427563144;6.763470764485913E-4
0.5500000000000022;1.7325761421884067;1.733253017867399;6.76875678992328E-4
0.5507812500000021;1.7339302461772377;1.734607650872225;6.77404694987338E-4
0.5515625000000021;1.7352854084737146;1.735963342597595;6.779341238805081E-4
0.552343750000002;1.7366416299040566;1.7373200938709576;6.784639669010772E-4
0.553125000000002;1.7379989112964722;1.738677905520408;6.789942239358027E-4
0.5539062500000019;1.7393572534791701;1.7400367783746886;6.795248955184796E-4
0.5546875000000019;1.7407166572812116;1.7413967132631896;6.800559819779561E-4
0.5554687500000018;1.742077123533079;1.7427577110159498;6.805874828708092E-4
0.5562500000000018;1.7434386530638335;1.744119772463656;6.811193998224052E-4
0.5570312500000018;1.7448012467053786;1.7454828984376445;6.816517322658644E-4
0.5578125000000017;1.7461649052890493;1.7468470897699016;6.821844808522215E-4
0.5585937500000017;1.7475296296473175;1.7482123472930635;6.827176457460116E-4
0.5593750000000016;1.7488954206132235;1.7495786718404176;6.832512271941482E-4
0.5601562500000016;1.7502622790200917;1.750946064245902;6.837852258103627E-4
0.5609375000000015;1.7516302057023836;1.752314525344107;6.84319641723441E-4
0.5617187500000015;1.752999201495129;1.753684055970275;6.848544751461016E-4
0.5625000000000014;1.7543692672333577;1.7550546569603012;6.853897269434306E-4
0.5632812500000014;1.755740403753805;1.7564263291507338;6.859253969289103E-4
0.5640625000000014;1.7571126118932057;1.7577990733787754;6.864614855697226E-4
0.5648437500000013;1.7584858924891478;1.7591728904822825;6.869979931347636E-4
0.5656250000000013;1.7598602463797874;1.7605477812997667;6.875349199793046E-4
0.5664062500000012;1.7612356744041335;1.761923746670395;6.880722662614414E-4
0.5671875000000012;1.7626121774009107;1.7633007874339894;6.886100330787404E-4
0.5679687500000011;1.7639897562111173;1.7646789044310294;6.891482199120613E-4
0.5687500000000011;1.7653684116754675;1.7660580985026508;6.89686827183289E-4
0.569531250000001;1.766748144635244;1.7674383704906471;6.90225855403126E-4
0.570312500000001;1.7681289559322977;1.7688197212374692;6.907653051715368E-4
0.571093750000001;1.7695108464096165;1.7702021515862267;6.913051766102019E-4
0.5718750000000009;1.770893816911041;1.7715856623806885;6.918454696474008E-4
0.5726562500000009;1.7722778682801277;1.7729702544652823;6.923861851546587E-4
0.5734375000000008;1.773663001362138;1.7743559286850965;6.929273229585586E-4
0.5742187500000008;1.7750492170014809;1.775742685885879;6.934688843980297E-4
0.5750000000000007;1.7764365160456919;1.7771305269140396;6.940108683477497E-4
0.5757812500000007;1.777824899340601;1.7785194526166495;6.94553276048504E-4
0.5765625000000006;1.779214367733175;1.779909463841441;6.950961082659024E-4
0.5773437500000006;1.7806049220729392;1.7813005614368105;6.956393638712921E-4
0.5781250000000006;1.7819965632071444;1.782692746251816;6.961830446716721E-4
0.5789062500000005;1.783389291985884;1.78408601913618;6.96727150296006E-4
0.5796875000000005;1.7847831092595356;1.785480380940289;6.972716807533974E-4
0.5804687500000004;1.7861780158779084;1.7868758325151937;6.978166372852979E-4
0.5812500000000004;1.787574012693085;1.7882723747126101;6.983620195251117E-4
0.5820312500000003;1.7889711005568643;1.7896700083849202;6.98907828055928E-4
0.5828125000000003;1.7903692803221816;1.791068734385172;6.994540629903234E-4
0.5835937500000002;1.7917685528419725;1.7924685535670797;7.000007251072304E-4
0.5843750000000002;1.7931689189705935;1.7938694667850255;7.005478144319621E-4
0.5851562500000002;1.7945703795626855;1.7952714748940588;7.010953313733026E-4
0.5859375000000001;1.7959729354740261;1.7966745787498979;7.016432758717439E-4
0.5867187500000001;1.7973765875601089;1.7980787792089292;7.021916488203495E-4
0.5875;1.798781336677564;1.7994840771282086;7.027404506445567E-4
0.58828125;1.8001871836847272;1.8008904733654623;7.032896807350753E-4
0.5890624999999999;1.8015941294382287;1.8022979687790859;7.038393408571597E-4
0.5898437499999999;1.8030021747981095;1.803706564228147;7.043894300373665E-4
0.5906249999999998;1.8044113206229895;1.8051162605723836;7.049399493941344E-4
0.5914062499999998;1.805821567773478;1.8065270586722066;7.054908987287334E-4
0.5921874999999998;1.8072329171096158;1.8079389593886985;7.060422790827747E-4
0.5929687499999997;1.8086453694937177;1.8093519635836155;7.065940898978162E-4
0.5937499999999997;1.8100589257869615;1.8107660721193866;7.071463324250793E-4
0.5945312499999996;1.8114735868527987;1.8121812858591153;7.0769900631662E-4
0.5953124999999996;1.8128893535543966;1.8135976056665797;7.082521121830609E-4
0.5960937499999995;1.8143062267560595;1.8150150324062329;7.088056501733941E-4
0.5968749999999995;1.8157242073220914;1.8164335669432032;7.093596211118491E-4
0.5976562499999994;1.817143296118502;1.8178532101432958;7.099140247939228E-4
0.5984374999999994;1.8185634940110162;1.819273962872992;7.104688619756772E-4
0.5992187499999994;1.8199848018667808;1.8206958259994503;7.110241326695466E-4
0.5999999999999993;1.8214072205535103;1.8221188003905078;7.115798369974335E-4
0.6007812499999993;1.8228307509383512;1.8235428869146784;7.121359763271329E-4
0.6015624999999992;1.8242553938915762;1.8249680864411562;7.126925495799519E-4
0.6023437499999992;1.8256811502814685;1.8263943998398136;7.132495583450638E-4
0.6031249999999991;1.8271080209788693;1.8278218279812033;7.138070023340326E-4
0.6039062499999991;1.8285360068546197;1.8292503717365585;7.143648819387671E-4
0.604687499999999;1.8299651087801294;1.830680031977793;7.149231976635306E-4
0.605468749999999;1.8313953276279449;1.8321108095775023;7.15481949557395E-4
0.606249999999999;1.8328266642708968;1.833542705408964;7.160411380671139E-4
0.6070312499999989;1.8342591195821;1.8349757203461374;7.166007640373451E-4
0.6078124999999989;1.8356926944366592;1.836409855263666;7.171608270069019E-4
0.6085937499999988;1.83712738970911;1.8378451110368763;7.177213277662631E-4
0.6093749999999988;1.8385632062748414;1.8392814885417785;7.182822669371536E-4
0.6101562499999987;1.8400001450112313;1.8407189886550686;7.188436438372303E-4
0.6109374999999987;1.8414382067939528;1.8421576122541263;7.194054601735722E-4
0.6117187499999986;1.8428773925020892;1.8435973602170186;7.19967714929437E-4
0.6124999999999986;1.8443177030127345;1.8450382334224973;7.205304097628318E-4
0.6132812499999986;1.8457591392058248;1.8464802327500018;7.210935441770427E-4
0.6140624999999985;1.8472017019612963;1.847923359079659;7.216571183628062E-4
0.6148437499999985;1.8486453921588009;1.8493676132922832;7.222211334823037E-4
0.6156249999999984;1.8500902106802641;1.8508129962693771;7.227855891129842E-4
0.6164062499999984;1.8515361584073275;1.8522595088931328;7.233504858052964E-4
0.6171874999999983;1.8529832362219167;1.8537071520464312;7.239158245144761E-4
0.6179687499999983;1.854431445008231;1.855155926612844;7.244816046128033E-4
0.6187499999999982;1.8558807856499016;1.8566058334766329;7.250478267313287E-4
0.6195312499999982;1.8573312590308433;1.8580568735227507;7.256144919074448E-4
0.6203124999999982;1.858782866036961;1.859509047636842;7.261815998811372E-4
0.6210937499999981;1.8602356075544435;1.860962356705244;7.267491508005097E-4
0.6218749999999981;1.861689484469764;1.862416801614986;7.273171452220062E-4
0.622656249999998;1.8631444976696798;1.8638723832537905;7.278855841106324E-4
0.623437499999998;1.8646006480435062;1.8653291025100744;7.28454466568218E-4
0.6242187499999979;1.866057936478569;1.8667869602729483;7.290237943793354E-4
0.6249999999999979;1.8675163638658887;1.8682459574322186;7.295935663298447E-4
0.6257812499999978;1.868975931093928;1.8697060948783857;7.301637844576714E-4
0.6265624999999978;1.8704366390551286;1.8711673735026475;7.307344475189215E-4
0.6273437499999978;1.8718984886399426;1.8726297941968975;7.313055569548865E-4
0.6281249999999977;1.87336148074138;1.8740933578537267;7.318771123465684E-4
0.6289062499999977;1.8748256162513144;1.875558065366423;7.324491151086132E-4
0.6296874999999976;1.8762908960644609;1.8770239176289734;7.330215645124927E-4
0.6304687499999976;1.8777573210746823;1.878490915536063;7.3359446138066E-4
0.6312499999999975;1.8792248921772625;1.8799590599830764;7.341678058139234E-4
0.6320312499999975;1.8806936102674854;1.881428351866098;7.347415986125316E-4
0.6328124999999974;1.8821634762420558;1.882898792081912;7.353158398561987E-4
0.6335937499999974;1.8836344909982472;1.8843703815280044;7.358905297571994E-4
0.6343749999999974;1.885106655433617;1.885843121102562;7.364656689448079E-4
0.6351562499999973;1.8865799704471442;1.8873170117044737;7.370412573295404E-4
0.6359374999999973;1.8880544369372387;1.888792054233331;7.3761729609223E-4
0.6367187499999972;1.8895300558048689;1.8902682495894285;7.381937845596376E-4
0.6374999999999972;1.891006827949866;1.8917455986737644;7.387707238983854E-4
0.6382812499999971;1.8924847542740508;1.893224102388041;7.393481139901237E-4
0.6390624999999971;1.8939638356792443;1.8947037616346654;7.399259554210502E-4
0.639843749999997;1.8954440730684041;1.89618457731675;7.405042483459301E-4
0.640624999999997;1.8969254673447722;1.8976665503381132;7.41082993340969E-4
0.641406249999997;1.898408019412443;1.8991496816032791;7.416621908360455E-4
0.6421874999999969;1.8998917301766483;1.9006339720174796;7.422418408313813E-4
0.6429687499999969;1.9013766005431876;1.902119422486654;7.428219434664207E-4
0.6437499999999968;1.9028626314172925;1.9036060339174488;7.434025001562539E-4
0.6445312499999968;1.9043498237070366;1.9050938072172199;7.439835101832326E-4
0.6453124999999967;1.9058381783193568;1.9065827432940319;7.445649746751215E-4
0.6460937499999967;1.9073276961637475;1.9080728430566598;7.45146892912274E-4
0.6468749999999966;1.9088183781479984;1.909564107414588;7.457292665895565E-4
0.6476562499999966;1.9103102251827409;1.911056537278012;7.463120952710955E-4
0.6484374999999966;1.9118032381783223;1.9125501335578388;7.468953795164435E-4
0.6492187499999965;1.9132974180465112;1.9140448971656876;7.474791191763863E-4
0.6499999999999965;1.9147927656982233;1.9155408290138893;7.480633156660144E-4
0.6507812499999964;1.9162892820469324;1.9170379300154885;7.486479685561154E-4
0.6515624999999964;1.9177869680061121;1.9185362010842433;7.492330781311285E-4
0.6523437499999963;1.9192858244895206;1.9200356431346257;7.498186451051492E-4
0.6531249999999963;1.9207858524117682;1.9215362570818224;7.504046700541611E-4
0.6539062499999962;1.922287052689171;1.9230380438417358;7.509911525647173E-4
0.6546874999999962;1.9237894262371924;1.9245410043309836;7.515780937912275E-4
0.6554687499999962;1.925292973973285;1.9260451394669003;7.521654936153421E-4
0.6562499999999961;1.9267976968151856;1.9275504501675371;7.527533523514762E-4
0.6570312499999961;1.9283035956809158;1.9290569373516628;7.53341670747032E-4
0.657812499999996;1.9298106714899177;1.9305646019387643;7.539304488466403E-4
0.658593749999996;1.9313189251619178;1.932073444849047;7.545196871292514E-4
0.6593749999999959;1.9328283576172112;1.9335834670034355;7.551093862243619E-4
0.6601562499999959;1.934338969777798;1.9350946693235744;7.556995457764781E-4
0.6609374999999958;1.9358507625653942;1.9366070527318286;7.562901664344146E-4
0.6617187499999958;1.9373637369020003;1.9381206181512833;7.568812492830812E-4
0.6624999999999958;1.93887789371189;1.9396353665057458;7.574727938557402E-4
0.6632812499999957;1.9403932339190533;1.941151298719745;7.580648006917379E-4
0.6640624999999957;1.9419097584483325;1.9426684157185328;7.586572702003025E-4
0.6648437499999956;1.9434274682254227;1.9441867184280839;7.592502026612102E-4
0.6656249999999956;1.9449463641765874;1.9457062077750968;7.598435985094465E-4
0.6664062499999955;1.9464664472283744;1.947226884686994;7.60437458619645E-4
0.6671874999999955;1.947987718309605;1.9487487500919234;7.610317823183443E-4
0.6679687499999954;1.949510178347964;1.9502718049187577;7.616265707937053E-4
0.6687499999999954;1.9510338282731254;1.9517960500970961;7.622218239706768E-4
0.6695312499999954;1.9525586690147634;1.953321486557264;7.628175425005157E-4
0.6703124999999953;1.954084701503973;1.9548481152303139;7.634137263408114E-4
0.6710937499999953;1.9556119266712813;1.9563759370480258;7.640103767445616E-4
0.6718749999999952;1.9571403454500569;1.9579049529429087;7.646074928517876E-4
0.6726562499999952;1.958669958772532;1.9594351638481997;7.652050756676854E-4
0.6734374999999951;1.9602007675717914;1.9609665706978652;7.658031260737719E-4
0.6742187499999951;1.9617327727831935;1.962499174426602;7.664016434085763E-4
0.674999999999995;1.963265975341244;1.9640329759698374;7.670006285933617E-4
0.675781249999995;1.96480037618187;1.9655679762637295;7.676000818594986E-4
0.676562499999995;1.9663359762412824;1.967104176245168;7.682000038855552E-4
0.6773437499999949;1.9678727764571136;1.968641576851775;7.688003946615396E-4
0.6781249999999949;1.9694107777672798;1.9701801790219058;7.694012546259898E-4
0.6789062499999948;1.9709499811105502;1.9717199836946484;7.700025840982061E-4
0.6796874999999948;1.972490387425978;1.973260991809825;7.706043838469068E-4
0.6804687499999947;1.9740319976546061;1.9748032043079926;7.712066533864803E-4
0.6812499999999947;1.9755748127360562;1.9763466221304427;7.718093943864801E-4
0.6820312499999946;1.9771188336133605;1.977891246219203;7.724126058425984E-4
0.6828124999999946;1.978664061227846;1.9794370775170373;7.730162891912418E-4
0.6835937499999946;1.980210496523398;1.9809841169674463;7.73620444048273E-4
0.6843749999999945;1.9817581404436169;1.9825323655146678;7.742250710509602E-4
0.6851562499999945;1.983306993932672;1.9840818241036777;7.748301710057692E-4
0.6859374999999944;1.984857057936722;1.9856324936801908;7.75435743468833E-4
0.6867187499999944;1.9864083334013571;1.9871843751906606;7.76041789303461E-4
0.6874999999999943;1.9879608212735889;1.9887374695822806;7.766483086917297E-4
0.6882812499999943;1.9895145225004285;1.990291777802984;7.772553025555684E-4
0.6890624999999942;1.991069438031161;1.991847300801446;7.778627702847984E-4
0.6898437499999942;1.992625568813935;1.9934040395270818;7.784707131468505E-4
0.6906249999999942;1.994182915799172;1.9949619949300499;7.790791308779355E-4
0.6914062499999941;1.9957414799367257;1.9965211679612505;7.796880245247717E-4
0.6921874999999941;1.9973012621787234;1.9980815595723276;7.802973936041901E-4
0.692968749999994;1.9988622634764397;1.9996431707156685;7.809072392288563E-4
0.693749999999994;2.0004244847831387;2.0012060023444054;7.815175612666536E-4
0.6945312499999939;2.0019879270518004;2.0027700554124146;7.821283606141982E-4
0.6953124999999939;2.003552591237394;2.004335330874319;7.827396369246564E-4
0.6960937499999938;2.005118478294321;2.0059018296854862;7.833513911652545E-4
0.6968749999999938;2.006685589178119;2.0074695528020317;7.839636239128644E-4
0.6976562499999938;2.008253924846599;2.009038501180818;7.845763342189116E-4
0.6984374999999937;2.0098234862547315;2.0106086757794546;7.851895247230622E-4
0.6992187499999937;2.0113942743631696;2.012180077556301;7.858031931311515E-4
0.6999999999999936;2.0129662901285883;2.0137527074704638;7.864173418754561E-4
0.7007812499999936;2.014539534511073;2.0153265664818005;7.87031970727714E-4
0.7015624999999935;2.016114008471277;2.0169016555509187;7.876470796417401E-4
0.7023437499999935;2.0176897129698546;2.0184779756391764;7.882626693218597E-4
0.7031249999999934;2.019266648968596;2.020055527708683;7.88878740086929E-4
0.7039062499999934;2.0208448174304294;2.0216343127223007;7.894952918712228E-4
0.7046874999999934;2.0224242193165765;2.0232143316436417;7.901123270652732E-4
0.7054687499999933;2.0240048555945123;2.024795585437075;7.907298425626763E-4
0.7062499999999933;2.025586727225459;2.02637807506772;7.913478422607589E-4
0.7070312499999932;2.027169835176892;2.0279618015014518;7.919663245599118E-4
0.7078124999999932;2.028754180415717;2.0295467657049016;7.925852891843554E-4
0.7085937499999931;2.030339763906568;2.0311329686454536;7.932047388856667E-4
0.7093749999999931;2.0319265866191927;2.03272041129125;7.938246720571307E-4
0.710156249999993;2.0335146495210665;2.034309094611188;7.944450901216094E-4
0.710937499999993;2.035103953581938;2.035899019574924;7.950659929858439E-4
0.711718749999993;2.036694499772125;2.037490187152871;7.956873807462017E-4
0.7124999999999929;2.0382862890619435;2.0390825983162006;7.963092542571104E-4
0.7132812499999929;2.0398793224228484;2.0406762540368435;7.969316139950777E-4
0.7140624999999928;2.0414736008274303;2.04227115528749;7.975544600595796E-4
0.7148437499999928;2.04306912524828;2.04386730304159;7.981777933099288E-4
0.7156249999999927;2.0446658966602627;2.045464698273356;7.98801613093314E-4
0.7164062499999927;2.0462639160371054;2.04706334195776;7.994259206545173E-4
0.7171874999999927;2.04786318435481;2.048663235070537;8.000507157270853E-4
0.7179687499999926;2.0494637025876727;2.0502643785881838;8.006760005110358E-4
0.7187499999999926;2.051065471715674;2.0518667734879616;8.013017722876548E-4
0.7195312499999925;2.0526684927136785;2.053470420747894;8.019280342157487E-4
0.7203124999999925;2.0542727665616667;2.0550753213467705;8.025547851038262E-4
0.7210937499999924;2.055878294237914;2.056681476264144;8.03182026229976E-4
0.7218749999999924;2.057485076722969;2.0582888864803337;8.038097573646041E-4
0.7226562499999923;2.0590931149973812;2.0598975529764254;8.044379790441702E-4
0.7234374999999923;2.0607024100422677;2.061507476734271;8.050666920031979E-4
0.7242187499999923;2.0623129628404513;2.06311865873649;8.056958960387384E-4
0.7249999999999922;2.0639247743747546;2.0647310999664703;8.063255917156731E-4
0.7257812499999922;2.065537845628569;2.0663448014083676;8.069557797987237E-4
0.7265624999999921;2.0671521775869905;2.0679597640471075;8.075864601169158E-4
0.7273437499999921;2.0687677712345476;2.0695759888683845;8.082176338368718E-4
0.728124999999992;2.07038462755861;2.0711934768586646;8.088493000544261E-4
0.728906249999992;2.072002747544275;2.0728122290051836;8.094814609087564E-4
0.7296874999999919;2.073622132180617;2.0744322462959497;8.101141153327163E-4
0.7304687499999919;2.075242782455007;2.0760535297197427;8.107472647358449E-4
0.7312499999999919;2.076864699358225;2.0776760802661163;8.113809078911238E-4
0.7320312499999918;2.0784878838782106;2.079299898925396;8.120150471855325E-4
0.7328124999999918;2.080112337006881;2.0809249866886828;8.126496818019469E-4
0.7335937499999917;2.081738059735585;2.082551344547851;8.132848122661684E-4
0.7343749999999917;2.083365053056241;2.0841789734955514;8.139204393105004E-4
0.7351562499999916;2.084993317961903;2.085807874525209;8.145565633062013E-4
0.7359374999999916;2.0866228554467625;2.087438048631027;8.151931842643734E-4
0.7367187499999915;2.0882536665055795;2.0890694968079844;8.158303024048408E-4
0.7374999999999915;2.0898857521325453;2.090702220051838;8.164679192925739E-4
0.7382812499999915;2.091519113325262;2.0923362193591233;8.171060338613145E-4
0.7390624999999914;2.093153751079626;2.0939714957271542;8.177446475281513E-4
0.7398437499999914;2.094789666393808;2.0956080501540244;8.183837602162569E-4
0.7406249999999913;2.096426860266547;2.0972458836386076;8.190233720606344E-4
0.7414062499999913;2.0980653336965815;2.098884997180558;8.196634839765515E-4
0.7421874999999912;2.0997050876837875;2.100525391780311;8.203040965235608E-4
0.7429687499999912;2.1013461232291775;2.102167068439084;8.209452099063874E-4
0.7437499999999911;2.1029884413354694;2.103810028158877;8.215868234078272E-4
0.7445312499999911;2.104632043003676;2.105454271942474;8.222289387980197E-4
0.745312499999991;2.106276929237083;2.1070998007934403;8.228715563571853E-4
0.746093749999991;2.1079231010401145;2.108746615716128;8.235146760133816E-4
0.746874999999991;2.109570559417193;2.1103947177156726;8.241582984793716E-4
0.7476562499999909;2.1112193053744477;2.1120441077979963;8.24802423548654E-4
0.7484374999999909;2.1128693399180065;2.1136947869698073;8.25447051800765E-4
0.7492187499999908;2.114520664053998;2.1153467562385995;8.260921846012792E-4
0.7499999999999908;2.1161732787913934;2.1170000166126552;8.267378212618581E-4
0.7507812499999907;2.1178271851385944;2.1186545691010448;8.27383962450412E-4
0.7515624999999907;2.119482384104572;2.1203104147136265;8.280306090546752E-4
0.7523437499999907;2.12113887670057;2.121967554461049;8.286777604786799E-4
0.7531249999999906;2.122796663936697;2.1236259893547493;8.293254180524734E-4
0.7539062499999906;2.1244557468253333;2.1252857204069566;8.299735816232889E-4
0.7546874999999905;2.126116126378861;2.12694674863069;8.306222518292827E-4
0.7554687499999905;2.1277778036107975;2.128609075039761;8.312714289635537E-4
0.7562499999999904;2.12944077953523;2.130272700648773;8.319211135430216E-4
0.7570312499999904;2.131105055166813;2.131937626473122;8.325713063088713E-4
0.7578124999999903;2.1327706315230444;2.1336038535289994;8.332220059550366E-4
0.7585937499999903;2.13443750961801;2.1352713828333885;8.338732153783113E-4
0.7593749999999903;2.1361056904703446;2.1369402154040684;8.345249337238236E-4
0.7601562499999902;2.1377751750986818;2.1386103522596143;8.351771609325098E-4
0.7609374999999902;2.1394459645216557;2.140281794419397;8.358298977411138E-4
0.7617187499999901;2.141118059758469;2.141954542903583;8.364831451141974E-4
0.7624999999999901;2.1427914618305977;2.1436285987331383;8.371369025406139E-4
0.76328124999999;2.144466171757813;2.145303962929824;8.377911720112152E-4
0.76406249999999;2.146142190564433;2.1469806365162025;8.384459517696286E-4
0.7648437499999899;2.147819519271934;2.1486586205156337;8.391012436996803E-4
0.7656249999999899;2.149498158905203;2.1503379159522784;8.397570470752846E-4
0.7664062499999899;2.1511781104868533;2.1520185238510963;8.404133642430089E-4
0.7671874999999898;2.152859375044045;2.1537004452378494;8.410701938044163E-4
0.7679687499999898;2.154541953602802;2.1553836811391016;8.417275362995191E-4
0.7687499999999897;2.1562258471891482;2.157068232582218;8.42385393069911E-4
0.7695312499999897;2.1579110568319493;2.158754100595368;8.430437634188159E-4
0.7703124999999896;2.159597583558366;2.160441286207523;8.437026491572297E-4
0.7710937499999896;2.161285428398969;2.1621297904484598;8.443620494906767E-4
0.7718749999999895;2.16297459238433;2.16381961434876;8.450219644298151E-4
0.7726562499999895;2.164665076543315;2.1655107589398095;8.456823964944071E-4
0.7734374999999895;2.1663568819099055;2.1672032252538016;8.463433438961054E-4
0.7742187499999894;2.168050009516378;2.1688970143237363;8.470048073583314E-4
0.7749999999999894;2.1697444603944405;2.1705921271834194;8.476667889789624E-4
0.7757812499999893;2.17144023557978;2.172288564867466;8.483292876859672E-4
0.7765624999999893;2.173137336108084;2.1739863284113006;8.489923032164448E-4
0.7773437499999892;2.174835763013334;2.1756854188511547;8.496558378205954E-4
0.7781249999999892;2.1765355173329226;2.177385837224071;8.503198911484766E-4
0.7789062499999891;2.1782366001048103;2.179087584567903;8.509844630926189E-4
0.7796874999999891;2.1799390123675266;2.180790661921315;8.516495537884694E-4
0.780468749999989;2.1816427551578954;2.182495070323782;8.523151658867967E-4
0.781249999999989;2.1833478295189934;2.184200810815594;8.529812966004968E-4
0.782031249999989;2.1850542364887815;2.185907884437851;8.536479490692805E-4
0.7828124999999889;2.186761977110905;2.1876162922324687;8.543151215638645E-4
0.7835937499999889;2.188471052425598;2.189326035242176;8.549828165782536E-4
0.7843749999999888;2.190181463477643;2.191037114510518;8.556510328752154E-4
0.7851562499999888;2.191893211310685;2.1927495310818546;8.563197711697335E-4
0.7859374999999887;2.1936062969689374;2.1944632860013615;8.569890324241491E-4
0.7867187499999887;2.1953207214983195;2.196178380315032;8.576588167126253E-4
0.7874999999999887;2.1970364859453184;2.197894815069677;8.58329124358459E-4
0.7882812499999886;2.19875359135699;2.1996125913129245;8.589999559345252E-4
0.7890624999999886;2.2004720387809584;2.201331710093222;8.596713122637212E-4
0.7898437499999885;2.2021918292671216;2.203052172459837;8.603431927154404E-4
0.7906249999999885;2.2039129638642407;2.204773979462856;8.61015598615289E-4
0.7914062499999884;2.205635443623919;2.206497132153187;8.616885292682674E-4
0.7921874999999884;2.207359269595486;2.2082216315825587;8.623619870729016E-4
0.7929687499999883;2.2090844428328182;2.209947478803522;8.630359707035851E-4
0.7937499999999883;2.2108109643886564;2.2116746748694505;8.637104807940332E-4
0.7945312499999883;2.212538835316309;2.2134032208345413;8.643855182324245E-4
0.7953124999999882;2.2142680566707895;2.2151331177538154;8.650610830258643E-4
0.7960937499999882;2.2159986295065437;2.2168643666831174;8.657371765736777E-4
0.7968749999999881;2.2177305548814275;2.2185969686791185;8.664137976910347E-4
0.7976562499999881;2.2194638338515915;2.220330924799315;8.670909477235256E-4
0.798437499999988;2.2211984674743235;2.2220662361020294;8.677686277058783E-4
0.799218749999988;2.222934456809753;2.223802903646412;8.68446836658876E-4
0.7999999999999879;2.2246718029168733;2.225540928492441;8.691255755675087E-4
0.8007812499999879;2.2264105068552453;2.2272803117009214;8.698048456761143E-4
0.8015624999999879;2.228150569687841;2.22902105433349;8.704846456488724E-4
0.8023437499999878;2.2298919924747906;2.230763157452611;8.711649778203601E-4
0.8031249999999878;2.2316347762802025;2.23250662212158;8.718458413774499E-4
0.8039062499999877;2.2333789221670486;2.234251449404523;8.725272374743298E-4
0.8046874999999877;2.235124431201143;2.235997640366399;8.732091652556839E-4
0.8054687499999876;2.236871304446595;2.2377451960729977;8.73891626402834E-4
0.8062499999999876;2.2386195429697864;2.239494117590943;8.745746211564764E-4
0.8070312499999875;2.2403691478376686;2.241244405987691;8.752581500224288E-4
0.8078124999999875;2.2421201201194663;2.2429960623315344;8.759422120681037E-4
0.8085937499999875;2.2438724608821303;2.2447490876915985;8.766268094682061E-4
0.8093749999999874;2.245626171196591;2.246503483137846;8.773119412550656E-4
0.8101562499999874;2.247381252131504;2.2482592497410736;8.779976095696362E-4
0.8109374999999873;2.249137704759505;2.250016388572917;8.786838134118291E-4
0.8117187499999873;2.250895530152661;2.2517749007058487;8.793705531875418E-4
0.8124999999999872;2.2526547293836074;2.2535347872131797;8.800578295722339E-4
0.8132812499999872;2.2544153035255476;2.255296049169059;8.807456435113714E-4
0.8140624999999871;2.256177253653391;2.2570586876484757;8.814339950848904E-4
0.8148437499999871;2.257940580843183;2.2588227037272595;8.821228840765194E-4
0.815624999999987;2.259705286169833;2.2605880984820796;8.82812312246628E-4
0.816406249999987;2.2614713707116607;2.262354872990448;8.83502278787418E-4
0.817187499999987;2.2632388355464172;2.2641230283307188;8.841927843015185E-4
0.8179687499999869;2.265007681751854;2.2658925655820874;8.848838302335515E-4
0.8187499999999869;2.2667779104091323;2.2676634858245945;8.85575415462192E-4
0.8195312499999868;2.268549522597141;2.2694357901391236;8.862675419827326E-4
0.8203124999999868;2.2703225193987464;2.271209479607404;8.869602086574169E-4
0.8210937499999867;2.2720969018945425;2.272984555312009;8.876534174664386E-4
0.8218749999999867;2.2738726711691015;2.27476101833636;8.883471672582743E-4
0.8226562499999867;2.275649828304722;2.276538869764723;8.890414600006835E-4
0.8234374999999866;2.277428374387682;2.2783181106822132;8.897362945310405E-4
0.8242187499999866;2.279208310501417;2.2800987421747925;8.904316733753248E-4
0.8249999999999865;2.280989637735047;2.281880765329273;8.911275942260488E-4
0.8257812499999865;2.282772357173144;2.2836641812333145;8.918240601705207E-4
0.8265624999999864;2.284556469905965;2.2854489909754285;8.9252106946347E-4
0.8273437499999864;2.2863419770203564;2.2872351956449757;8.932186246193297E-4
0.8281249999999863;2.28812887960828;2.2890227963321697;8.939167238897205E-4
0.8289062499999863;2.2899171787588557;2.290811794128075;8.946153692193093E-4
0.8296874999999863;2.2917068755640457;2.2926021901246094;8.95314560563687E-4
0.8304687499999862;2.2934979711163805;2.294393985414544;8.960142981635499E-4
0.8312499999999862;2.2952904665083906;2.2961871810915038;8.96714583113134E-4
0.8320312499999861;2.297084362834312;2.297981778249968;8.974154156562442E-4
0.8328124999999861;2.2988796611906537;2.2997777779852733;8.981167946195967E-4
0.833593749999986;2.3006763626710836;2.30157518139361;8.988187225265065E-4
0.834374999999986;2.3024744683726794;2.303373989572026;8.995211993467755E-4
0.835156249999986;2.304273979393656;2.3051742036184275;9.002242247713177E-4
0.8359374999999859;2.3060748968316602;2.3069758246315772;9.009277999170173E-4
0.8367187499999859;2.3078772217866117;2.308778853711098;9.016319244863347E-4
0.8374999999999858;2.3096809553578623;2.3105832919574714;9.023365996090327E-4
0.8382812499999858;2.311486098646469;2.312389140472039;9.030418255697725E-4
0.8390624999999857;2.3132926527540576;2.314196400357003;9.037476029454261E-4
0.8398437499999857;2.3151006187839585;2.316005072715428;9.044539314695399E-4
0.8406249999999856;2.316909997838934;2.3178151586512397;9.051608123056276E-4
0.8414062499999856;2.3187207910240204;2.319626659269227;9.058682452067757E-4
0.8421874999999855;2.320532999443685;2.3214395756750426;9.0657623135737E-4
0.8429687499999855;2.3223466242041013;2.323253908975202;9.072847711006915E-4
0.8437499999999855;2.324161666413147;2.3250696602770873;9.079938639402485E-4
0.8445312499999854;2.3259781271775637;2.3268868306889448;9.087035113810593E-4
0.8453124999999854;2.3277960076063664;2.3287054213198872;9.094137135208236E-4
0.8460937499999853;2.3296153088091387;2.3305254332798944;9.101244707556688E-4
0.8468749999999853;2.3314360318971694;2.332346867679814;9.108357826446145E-4
0.8476562499999852;2.3332581779794737;2.3341697256313605;9.115476518868348E-4
0.8484374999999852;2.335081748170751;2.335994008247119;9.122600763680211E-4
0.8492187499999851;2.3369067435828583;2.337819716640543;9.12973057684674E-4
0.8499999999999851;2.33873316532879;2.339646851925956;9.136865971659525E-4
0.8507812499999851;2.340561014524951;2.3414754152185537;9.144006936026017E-4
0.851562499999985;2.3423902922860407;2.343305407634402;9.151153483615282E-4
0.852343749999985;2.344220999729032;2.3451368302904405;9.158305614085371E-4
0.8531249999999849;2.346053137970898;2.3469696843044803;9.165463335820689E-4
0.8539062499999849;2.347886708130318;2.348803970795207;9.17262664889229E-4
0.8546874999999848;2.349721711325401;2.35063969088218;9.179795567790805E-4
0.8554687499999848;2.351558148677668;2.3524768456858345;9.186970081662693E-4
0.8562499999999847;2.3533960213063665;2.35431543632748;9.194150211135899E-4
0.8570312499999847;2.3552353303347218;2.356155463929304;9.201335945823175E-4
0.8578124999999847;2.357076076884823;2.3579969296143704;9.20852729547228E-4
0.8585937499999846;2.358918262079328;2.35983983450662;9.215724272917392E-4
0.8593749999999846;2.360761887044305;2.361684179730873;9.222926865684045E-4
0.8601562499999845;2.362606952902979;2.3635299664128286;9.230135098494685E-4
0.8609374999999845;2.364453460783693;2.365377195679066;9.237348953727853E-4
0.8617187499999844;2.3663014118119463;2.367225868657044;9.244568450976764E-4
0.8624999999999844;2.368150807115512;2.369075986475103;9.251793595907998E-4
0.8632812499999843;2.3700016478238695;2.3709275502624654;9.259024385959158E-4
0.8640624999999843;2.3718539350670653;2.3727805611492365;9.266260821712002E-4
0.8648437499999843;2.3737076699745785;2.374635020266404;9.273502918256682E-4
0.8656249999999842;2.37556285367873;2.3764909287458407;9.280750671107896E-4
0.8664062499999842;2.377419487311272;2.3783482877203026;9.288004090306501E-4
0.8671874999999841;2.379277572005094;2.3802070983234316;9.295263183375368E-4
0.8679687499999841;2.3811371088959277;2.3820673616897565;9.302527938288563E-4
0.868749999999984;2.3829980991160937;2.383929078954691;9.309798385972456E-4
0.869531249999984;2.384860543804166;2.385792251254538;9.317074503720768E-4
0.870312499999984;2.3867244440953073;2.3876568797264874;9.324356311801729E-4
0.8710937499999839;2.388589801127523;2.3895229655086183;9.331643810952528E-4
0.8718749999999839;2.390456616039387;2.391390509739899;9.338937005121117E-4
0.8726562499999838;2.392324889970041;2.393259513560188;9.346235901470656E-4
0.8734374999999838;2.3941946240597645;2.395129978110235;9.35354050470405E-4
0.8742187499999837;2.3960658194505413;2.3970019045316806;9.360850811392929E-4
0.8749999999999837;2.3979384772837875;2.3988752939670586;9.368166832710578E-4
0.8757812499999836;2.399812598702624;2.400750147559795;9.375488571707891E-4
0.8765624999999836;2.401688184850741;2.4026264664542096;9.382816034686492E-4
0.8773437499999835;2.4035652368729643;2.4045042517955166;9.390149225523281E-4
0.8781249999999835;2.405443755915826;2.406383504729826;9.39748813999941E-4
0.8789062499999835;2.407323743123584;2.408264226404141;9.404832805572916E-4
0.8796874999999834;2.409205199646749;2.410146417966365;9.412183196162438E-4
0.8804687499999834;2.4110881266312845;2.412030080565296;9.419539340114191E-4
0.8812499999999833;2.4129725252277012;2.41391521535063;9.426901229288021E-4
0.8820312499999833;2.4148583965859416;2.415801823472963;9.434268870212037E-4
0.8828124999999832;2.416745741855948;2.4176899060837878;9.441642278398277E-4
0.8835937499999832;2.4186345621916416;2.4195794643355;9.449021438583394E-4
0.8843749999999831;2.420524858744102;2.421470499381394;9.456406372918558E-4
0.8851562499999831;2.4224166326678187;2.4233630123756655;9.463797078468339E-4
0.8859374999999831;2.4243098851172817;2.4252570044734134;9.47119356131676E-4
0.886718749999983;2.426204617248686;2.427152476830639;9.478595819527591E-4
0.887499999999983;2.428100830218227;2.429049430604247;9.486003860197378E-4
0.8882812499999829;2.4299985251815315;2.430947866952045;9.493417705135343E-4
0.8890624999999829;2.43189770329991;2.432847787032748;9.50083732838003E-4
0.8898437499999828;2.433798365729558;2.4347491920059743;9.508262764161834E-4
0.8906249999999828;2.4357005136329235;2.43665208303225;9.515693993265018E-4
0.8914062499999827;2.437604148169612;2.4385564612730075;9.523131033954968E-4
0.8921874999999827;2.439509270501503;2.440462327890587;9.530573890836891E-4
0.8929687499999827;2.44141588179275;2.4423696840482374;9.538022554873571E-4
0.8937499999999826;2.4433239832052323;2.4442785309101165;9.545477048842343E-4
0.8945312499999826;2.44523357590424;2.4461888696412917;9.552937370518322E-4
0.8953124999999825;2.4471446610561998;2.448100701407742;9.560403515420646E-4
0.8960937499999825;2.449057239826402;2.450014027376356;9.567875499540968E-4
0.8968749999999824;2.450971313382979;2.4519288487149367;9.575353319575264E-4
0.8976562499999824;2.4528868828929262;2.4538451665921968;9.582836992705346E-4
0.8984374999999823;2.454803949527218;2.455762982177765;9.59032650547087E-4
0.8992187499999823;2.456722514453986;2.457682296642182;9.597821881959234E-4
0.8999999999999823;2.4586425788464794;2.459603111156906;9.605323104264762E-4
0.9007812499999822;2.4605641438751036;2.4615254268943083;9.612830192047284E-4
0.9015624999999822;2.46248721071197;2.463449245027677;9.620343157070721E-4
0.9023437499999821;2.464411780533169;2.4653745667312186;9.62786198049681E-4
0.9031249999999821;2.4663378545108117;2.467301393180055;9.6353866924348E-4
0.903906249999982;2.468265433822694;2.469229725550229;9.642917275352048E-4
0.904687499999982;2.470194519643769;2.471159565018701;9.650453749316945E-4
0.905468749999982;2.472125113151833;2.4730909127633507;9.657996115177703E-4
0.9062499999999819;2.474057215525818;2.4750237699629802;9.665544371624257E-4
0.9070312499999819;2.4759908279446563;2.476958137797312;9.673098526556956E-4
0.9078124999999818;2.4779259515884178;2.4788940174469904;9.680658585726754E-4
0.9085937499999818;2.47986258763774;2.4808314100935824;9.688224558423997E-4
0.9093749999999817;2.4818007372755346;2.482770316919579;9.695796440443161E-4
0.9101562499999817;2.4837404016841447;2.4847107391083947;9.703374242500118E-4
0.9109374999999816;2.485681582048187;2.48665267784437;9.710957961828193E-4
0.9117187499999816;2.4876242795511416;2.488596134312769;9.71854761627533E-4
0.9124999999999815;2.4895684953804675;2.490541109699785;9.726143193176107E-4
0.9132812499999815;2.4915142307207816;2.4924876051925358;9.733744717541626E-4
0.9140624999999815;2.4934614867618166;2.4944356219790684;9.741352172518702E-4
0.9148437499999814;2.495410264690463;2.496385161248358;9.748965578948443E-4
0.9156249999999814;2.4973605656964537;2.498336224190308;9.756584938545032E-4
0.9164062499999813;2.499312390971795;2.500288811995755;9.764210239597837E-4
0.9171874999999813;2.5012657417045148;2.5022429258564616;9.771841519468083E-4
0.9179687499999812;2.503220619090598;2.504198566965126;9.779478745279846E-4
0.9187499999999812;2.5051770243203464;2.5061557365153764;9.787121950299849E-4
0.9195312499999811;2.5071349585886082;2.5081144357017737;9.794771131654834E-4
0.9203124999999811;2.509094423091369;2.510074665719814;9.802426284446497E-4
0.9210937499999811;2.5110554190240464;2.5120364277659264;9.810087418800073E-4
0.921874999999981;2.5130179475831937;2.5139997230374758;9.81775454282019E-4
0.922656249999981;2.5149820099659337;2.5159645527327616;9.825427668279652E-4
0.9234374999999809;2.5169476073733676;2.517930918051022;9.833106776544476E-4
0.9242187499999809;2.5189147410031865;2.519898820192431;9.84079189244369E-4
0.9249999999999808;2.520883412055923;2.5218682603580995;9.848483021763776E-4
0.9257812499999808;2.522853621734953;2.52383923975008;9.856180151270877E-4
0.9265624999999807;2.524825371241377;2.5258117595713623;9.863883299852105E-4
0.9273437499999807;2.5267986617791394;2.5277858210258772;9.871592467378676E-4
0.9281249999999807;2.528773494551615;2.5297614253184957;9.879307668807513E-4
0.9289062499999806;2.530749870766158;2.5317385736550317;9.887028888737603E-4
0.9296874999999806;2.5327277916272806;2.5337172672422406;9.894756149599893E-4
0.9304687499999805;2.5347072583429053;2.535697507287821;9.90248944915617E-4
0.9312499999999805;2.5366882721215234;2.537679295000416;9.910228788925224E-4
0.9320312499999804;2.5386708341716258;2.5396626315896125;9.917974179867173E-4
0.9328124999999804;2.5406549457028405;2.541647518265943;9.925725631023674E-4
0.9335937499999803;2.542640607928206;2.5436339562408867;9.933483126807197E-4
0.9343749999999803;2.5446278220573504;2.545621946726869;9.941246695186479E-4
0.9351562499999803;2.5466165893038806;2.5476114909372627;9.94901633382117E-4
0.9359374999999802;2.548606910883109;2.54960259008639;9.956792032812523E-4
0.9367187499999802;2.5505987880075054;2.551595245389521;9.96457382015592E-4
0.9374999999999801;2.552592221894656;2.553589458062876;9.97236168220006E-4
0.9382812499999801;2.5545872137598735;2.555585229323626;9.980155637525634E-4
0.93906249999998;2.5565837648224488;2.5575825603898936;9.987955674448656E-4
0.93984374999998;2.558581876298831;2.559581452480752;9.995761819210358E-4
0.94062499999998;2.5605815494105855;2.561581906816229;0.001000357405643637
0.9414062499999799;2.562582785376435;2.5635839246173044;0.0010011392408695308
0.9421874999999799;2.564585585420218;2.565587507105914;0.0010019216856957947
0.9429687499999798;2.566589950761795;2.5675926555049466;0.0010027047431515612
0.9437499999999798;2.568595882625573;2.569599371038248;0.0010034884126750576
0.9445312499999797;2.5706033822370955;2.5716076549306206;0.001004272693525099
0.9453124999999797;2.572612450819065;2.573617508407823;0.0010050575887579072
0.9460937499999796;2.574623089599868;2.575628932696573;0.0010058430967050391
0.9468749999999796;2.5766352998061848;2.5776419290245465;0.0010066292183616987
0.9476562499999795;2.5786490826652653;2.5796564986203787;0.0010074159551134443
0.9484374999999795;2.580664439407201;2.5816726427136656;0.0010082033064646723
0.9492187499999795;2.5826813712626517;2.5836903625349645;0.001008991272312798
0.9499999999999794;2.5846998794605724;2.585709659315793;0.0010097798552206605
0.9507812499999794;2.5867199652344652;2.5877305342886325;0.0010105690541672985
0.9515624999999793;2.588741629817264;2.5897529886869273;0.0010113588696634146
0.9523437499999793;2.590764874443039;2.591777023745086;0.0010121493020469607
0.9531249999999792;2.5927897003452927;2.5938026406984807;0.0010129403531879966
0.9539062499999792;2.5948161087620747;2.595829840783451;0.0010137320213763346
0.9546874999999792;2.5968441009274557;2.5978586252373006;0.0010145243098449441
0.9554687499999791;2.5988736780823274;2.5998889952983024;0.0010153172159750312
0.9562499999999791;2.6009048414630342;2.6019209522056954;0.0010161107426611693
0.957031249999979;2.602937592310468;2.603954497199688;0.001016904889219905
0.957812499999979;2.604971931864384;2.605989631521457;0.0010176996570732122
0.9585937499999789;2.607007861367947;2.6080263564131507;0.0010184950452036823
0.9593749999999789;2.609045382062618;2.610064673117887;0.0010192910552691004
0.9601562499999788;2.611084495192131;2.612104582879756;0.0010200876876251819
0.9609374999999788;2.613125202000788;2.614146086943819;0.0010208849430313194
0.9617187499999788;2.6151675037357336;2.6161891865561127;0.0010216828203790662
0.9624999999999787;2.6172114016412706;2.618233882963645;0.001022481322374258
0.9632812499999787;2.6192568969668173;2.6202801774144002;0.0010232804475829305
0.9640624999999786;2.621303990959518;2.6223280711573373;0.0010240801978191882
0.9648437499999786;2.6233526848687916;2.624377565442391;0.001024880573599507
0.9656249999999785;2.6254029799463297;2.626428661520474;0.0010256815741445102
0.9664062499999785;2.6274548774426876;2.6284813606434763;0.001026483200788686
0.9671874999999784;2.629508378610126;2.6305356640642654;0.0010272854541395482
0.9679687499999784;2.631563484702042;2.632591573036689;0.0010280883346469594
0.9687499999999784;2.63362019697297;2.634649088815574;0.0010288918426040183
0.9695312499999783;2.635678516678581;2.636708212656729;0.0010296959781479487
0.9703124999999783;2.6377384450745467;2.6387689458169437;0.001030500742396967
0.9710937499999782;2.6397999834176744;2.6408312895539887;0.0010313061363143028
0.9718749999999782;2.641863132968183;2.64289524512662;0.0010321121584371262
0.9726562499999781;2.643927894983449;2.644960813794576;0.0010329188111271037
0.9734374999999781;2.645994270724259;2.6470279968185793;0.0010337260943202864
0.974218749999978;2.648062261451969;2.6490967954603386;0.0010345340083697252
0.974999999999978;2.6501318684285025;2.6511672109825484;0.001035342554045915
0.975781249999978;2.652203092917489;2.65323924464889;0.001036151731401258
0.9765624999999779;2.654275936183126;2.6553128977240332;0.0010369615409073774
0.9773437499999779;2.656350399489611;2.6573881714736345;0.00103777198402355
0.9781249999999778;2.658426484103984;2.6594650671643407;0.001038583060356757
0.9789062499999778;2.660504191293853;2.661543586063789;0.001039394769935864
0.9796874999999777;2.6625835223262584;2.6636237294406064;0.0010402071143480462
0.9804687499999777;2.664664478470513;2.6657054985644115;0.0010410200938983927
0.9812499999999776;2.666747060997068;2.6677888947058155;0.0010418337087476637
0.9820312499999776;2.6688312711769413;2.6698739191364225;0.0010426479594811688
0.9828124999999776;2.6709171102828577;2.671960573128831;0.001043462845973231
0.9835937499999775;2.6730045795864044;2.674048857956633;0.0010442783702284686
0.9843749999999775;2.6750936803631475;2.6761387748944165;0.0010450945312689974
0.9851562499999774;2.6771844138875167;2.678230325217766;0.0010459113302494494
0.9859374999999774;2.679276781435078;2.6803235102032623;0.0010467287681841242
0.9867187499999773;2.6813707842842405;2.6824183311284844;0.0010475468442439073
0.9874999999999773;2.6834664237117067;2.684514789272009;0.0010483655603024111
0.9882812499999772;2.685563700997591;2.6866128859134135;0.0010491849158227318
0.9890624999999772;2.6876626174220064;2.6887126223332745;0.0010500049112680543
0.9898437499999772;2.689763174264499;2.6908139998131686;0.0010508255486696427
0.9906249999999771;2.691865372808593;2.6929170196356753;0.0010516468270824753
0.9914062499999771;2.6939692143378124;2.6950216830843767;0.0010524687465642835
0.992187499999977;2.6960747001345453;2.697127991443857;0.0010532913093115326
0.992968749999977;2.698181831485158;2.6992359459997046;0.0010541145145466224
0.9937499999999769;2.70029060967488;2.701345548038513;0.0010549383636329068
0.9945312499999769;2.702401035991784;2.7034567988478817;0.001055762856097875
0.9953124999999768;2.7045131117233723;2.7055696997164156;0.001056587993043312
0.9960937499999768;2.7066268381588543;2.707684251933727;0.0010574137748728951
0.9968749999999768;2.708742216588007;2.7098004567904366;0.0010582402024295057
0.9976562499999767;2.7108592483028815;2.711918315578173;0.001059067275291703
0.9984374999999767;2.7129779345943916;2.714037829589575;0.0010598949951834413
0.9992187499999766;2.715098276756862;2.7161590001182914;0.001060723361429261
0.9999999999999766;2.7172202760834807;2.7182818284589816;0.0010615523755008738
