0.0015625;1.0023466006929027;1.0015637213391564;7.828793537463241E-4
0.003125;1.0039139914617579;1.003129887902739;7.841035590188117E-4
0.004687500000000001;1.0054838331929261;1.004698503514398;7.853296785280683E-4
0.00625;1.007056129719075;1.006269572003762;7.865577153129966E-4
0.0078125;1.0086308848786985;1.007843097206448;7.877876722504062E-4
0.009375;1.0102081025168275;1.009419082964071;7.890195527564536E-4
0.0109375;1.011787786483751;1.0109975331242536;7.902533594974503E-4
0.012499999999999999;1.013369940636153;1.0125784515406344;7.914890955185161E-4
0.014062499999999999;1.0149545688366857;1.0141618420728784;7.92726763807261E-4
0.015624999999999998;1.0165416749543965;1.0157477085866857;7.939663677107855E-4
0.017187499999999998;1.0181312628635908;1.017336054953802;7.952079097888198E-4
0.01875;1.019723336445253;1.0189268850520263;7.964513932265938E-4
0.0203125;1.0213178995867622;1.020520202765222;7.976968215401836E-4
0.021875000000000002;1.0229149561801876;1.0221160119833264;7.989441968612176E-4
0.023437500000000003;1.0245145101254138;1.023714316602358;8.001935230559365E-4
0.025000000000000005;1.0261165653271576;1.0253151205244289;8.014448027287013E-4
0.026562500000000006;1.0277211256968144;1.0269184276577525;8.026980390618554E-4
0.028125000000000008;1.0293281951517486;1.0285242419166538;8.039532350947454E-4
0.02968750000000001;1.030937777615577;1.0301325672215784;8.052103939986122E-4
0.03125000000000001;1.0325498770176011;1.0317434074991028;8.064695184983872E-4
0.03281250000000001;1.0341644972942277;1.0333567666819428;8.07730612284896E-4
0.03437500000000001;1.0357816423868371;1.034972648708965;8.089936778721274E-4
0.03593750000000001;1.0374013162436313;1.0365910575251944;8.102587184368737E-4
0.03750000000000001;1.0390235228192068;1.038211997081825;8.115257373817464E-4
0.039062500000000014;1.0406482660735605;1.03983547133623;8.127947373304245E-4
0.040625000000000015;1.0422755499739367;1.04146148425197;8.140657219666281E-4
0.04218750000000002;1.0439053784926955;1.0430900397988043;8.153386938911655E-4
0.04375000000000002;1.0455377556090184;1.0447211419526992;8.166136563192428E-4
0.04531250000000002;1.0471726853084817;1.0463547946958383;8.178906126434793E-4
0.04687500000000002;1.048810171582204;1.0479910020166328;8.19169565571265E-4
0.04843750000000002;1.0504502184282671;1.04962976790973;8.204505185371858E-4
0.050000000000000024;1.0520928298504373;1.0512710963760241;8.217334744131666E-4
0.051562500000000025;1.053738009859444;1.0529149914226654;8.230184367785665E-4
0.053125000000000026;1.0553857624711327;1.0545614570630708;8.243054080618872E-4
0.05468750000000003;1.0570360917090227;1.056210497316932;8.255943920907338E-4
0.05625000000000003;1.0586890016020334;1.0578621162102273;8.26885391806087E-4
0.05781250000000003;1.0603444961851949;1.0595163177752305;8.281784099644085E-4
0.05937500000000003;1.0620025795007848;1.0611731060505198;8.294734502649614E-4
0.06093750000000003;1.063663255596623;1.0628324850809898;8.307705156331835E-4
0.06250000000000003;1.0653265285269242;1.0644944589178595;8.320696090646784E-4
0.06406250000000002;1.0669924023528665;1.0661590316186829;8.333707341836583E-4
0.06562500000000002;1.0686608811411702;1.0678262072473592;8.346738938109777E-4
0.06718750000000001;1.0703319689653767;1.0694959898741423;8.359790912344511E-4
0.06875;1.0720056699051383;1.0711683835756507;8.37286329487652E-4
0.0703125;1.0736819880469284;1.0728433924348775;8.385956120509075E-4
0.071875;1.0753609274830467;1.0745210205412008;8.399069418458804E-4
0.07343749999999999;1.0770424923126143;1.076201271990393;8.412203222212256E-4
0.07499999999999998;1.078726686641005;1.0778841508846315;8.42535756373497E-4
0.07656249999999998;1.0804135145801297;1.079569661332508;8.438532476215954E-4
0.07812499999999997;1.0821029802480098;1.0812578074490395;8.451727989702285E-4
0.07968749999999997;1.0837950877693459;1.082948593355677;8.464944136687969E-4
0.08124999999999996;1.0854898412752334;1.0846420231803167;8.478180949167413E-4
0.08281249999999996;1.087187244903589;1.0863381010573092;8.491438462798762E-4
0.08437499999999995;1.088887302798156;1.088036831127471;8.504716706849713E-4
0.08593749999999994;1.0905900191093565;1.0897382175380932;8.518015712632998E-4
0.08749999999999994;1.092295397994576;1.0914422644429516;8.531335516244187E-4
0.08906249999999993;1.0940034436171686;1.093148976002318;8.544676148505292E-4
0.09062499999999993;1.0957141601468834;1.09485835638297;8.558037639134763E-4
0.09218749999999992;1.097427551760859;1.0965704097581994;8.571420026595167E-4
0.09374999999999992;1.099143622641634;1.0982851403078258;8.584823338082526E-4
0.09531249999999991;1.1008623769792791;1.1000025522182033;8.598247610758225E-4
0.0968749999999999;1.1025838189695492;1.1017226496822334;8.611692873157217E-4
0.0984374999999999;1.1043079528154465;1.1034454368993734;8.625159160731144E-4
0.0999999999999999;1.1060347827263683;1.1051709180756475;8.63864650720858E-4
0.10156249999999989;1.1077643129178227;1.1068990974236574;8.652154941652945E-4
0.10312499999999988;1.1094965476128493;1.1086299791625915;8.665684502577875E-4
0.10468749999999988;1.111231491039888;1.1103635675182366;8.679235216513259E-4
0.10624999999999987;1.1129691474353365;1.1120998667229864;8.692807123500401E-4
0.10781249999999987;1.114709521040993;1.1138388810158542;8.706400251388136E-4
0.10937499999999986;1.116452616105903;1.1155806146424807;8.720014634222562E-4
0.11093749999999986;1.1181984368859332;1.1173250718551462;8.733650307870544E-4
0.11249999999999985;1.1199469876430612;1.1190722569127804;8.747307302807705E-4
0.11406249999999984;1.1216982726463698;1.1208221740809727;8.760985653970543E-4
0.11562499999999984;1.1234522961714788;1.1225748276319827;8.774685394961068E-4
0.11718749999999983;1.125209062500403;1.1243302218447506;8.788406556523576E-4
0.11874999999999983;1.1269685759225467;1.1260883610049075;8.802149176392327E-4
0.12031249999999982;1.128730840733141;1.1278492494047865;8.815913283544141E-4
0.12187499999999982;1.1304958612350902;1.129612891343432;8.829698916581474E-4
0.12343749999999981;1.1322636417371257;1.1313792911266118;8.843506105138399E-4
0.1249999999999998;1.1340341865552261;1.133148453066826;8.857334884000423E-4
0.1265624999999998;1.1358075000120493;1.1349203814833186;8.871185287306904E-4
0.1281249999999998;1.1375835864370742;1.1366950807020875;8.885057349867775E-4
0.1296874999999998;1.1393624501661748;1.1384725550558954;8.898951102793706E-4
0.13124999999999978;1.1411440955426144;1.14025280888428;8.912866583343781E-4
0.13281249999999978;1.1429285269157674;1.1420358465335654;8.926803822020268E-4
0.13437499999999977;1.1447157486425397;1.1438216723568713;8.940762856683993E-4
0.13593749999999977;1.1465057650859478;1.1456102907141252;8.954743718225799E-4
0.13749999999999976;1.148298580616114;1.147401705972072;8.968746440418673E-4
0.13906249999999976;1.1500941996105496;1.1491959225042847;8.982771062648887E-4
0.14062499999999975;1.151892626452451;1.1509929446911762;8.99681761274751E-4
0.14218749999999974;1.15369386553283;1.1527927769200081;9.010886128217876E-4
0.14374999999999974;1.1554979212492356;1.1545954235849032;9.02497664332369E-4
0.14531249999999973;1.157304798006038;1.1564008890868551;9.039089191829053E-4
0.14687499999999973;1.1591145002145709;1.1582091778337396;9.053223808312971E-4
0.14843749999999972;1.1609270322931309;1.1600202942403248;9.067380528060554E-4
0.14999999999999972;1.162742398666694;1.1618342427282828;9.081559384112037E-4
0.1515624999999997;1.1645606037674838;1.1636510277261995;9.095760412842768E-4
0.1531249999999997;1.1663816520342607;1.1654706536695862;9.109983646744535E-4
0.1546874999999997;1.1682055479131748;1.1672931250008898;9.124229122849936E-4
0.1562499999999997;1.1700322958569132;1.169118446169504;9.138496874090407E-4
0.1578124999999997;1.1718619003255526;1.1709466216317805;9.152786937720592E-4
0.15937499999999968;1.1736943657855647;1.1727776558510392;9.167099345255281E-4
0.16093749999999968;1.175529696710953;1.1746115532975792;9.181434133738176E-4
0.16249999999999967;1.177367897582542;1.17644831844869;9.195791338518777E-4
0.16406249999999967;1.1792089728881194;1.1782879557886627;9.210170994566891E-4
0.16562499999999966;1.1810529271222947;1.1801304698088004;9.224573134942737E-4
0.16718749999999966;1.1828997647870665;1.181975865007429;9.238997796374715E-4
0.16874999999999965;1.1847494903913969;1.1838241458899088;9.253445014880679E-4
0.17031249999999964;1.1866021084510692;1.1856753169686454;9.267914824238055E-4
0.17187499999999964;1.1884576234891142;1.1875293827631002;9.282407260140513E-4
0.17343749999999963;1.1903160400356683;1.189386347799802;9.29692235866364E-4
0.17499999999999963;1.192177362627831;1.1912462166123576;9.311460154732831E-4
0.17656249999999962;1.1940415958098072;1.1931089937414636;9.326020683435576E-4
0.17812499999999962;1.1959087441330496;1.1949746837349164;9.340603981331519E-4
0.1796874999999996;1.197778812155832;1.1968432911476243;9.35521008207596E-4
0.1812499999999996;1.1996518044441018;1.1987148205416178;9.369839024839788E-4
0.1828124999999996;1.2015277255702017;1.2005892764860617;9.384490841399806E-4
0.1843749999999996;1.2034065801142901;1.2024666635572652;9.399165570249668E-4
0.1859374999999996;1.2052883726633468;1.2043469863386937;9.413863246530152E-4
0.18749999999999958;1.2071731078114567;1.2062302494209802;9.428583904764753E-4
0.18906249999999958;1.2090607901602368;1.2081164574019356;9.443327583011918E-4
0.19062499999999957;1.2109514243181252;1.210005614886561;9.45809431564193E-4
0.19218749999999957;1.2128450149009495;1.211897726487058;9.472884138914672E-4
0.19374999999999956;1.2147415665319272;1.2137927968228408;9.487697090864167E-4
0.19531249999999956;1.2166410838409547;1.215690830520547;9.502533204077679E-4
0.19687499999999955;1.2185435714660287;1.2175918322140484;9.517392519802215E-4
0.19843749999999954;1.2204490340512564;1.219495806544464;9.532275067922757E-4
0.19999999999999954;1.2223574762492717;1.2214027581601692;9.547180891025242E-4
0.20156249999999953;1.2242689027189613;1.2233126917168087;9.56211002152596E-4
0.20312499999999953;1.2261833181268855;1.225225611877307;9.577062495784716E-4
0.20468749999999952;1.2281007271472788;1.2271415233118803;9.592038353984922E-4
0.20624999999999952;1.2300211344609124;1.229060430698048;9.60703762864501E-4
0.2078124999999995;1.2319445447565158;1.230982338720643;9.622060358727147E-4
0.2093749999999995;1.2338709627297817;1.2329072520718252;9.637106579565291E-4
0.2109374999999995;1.2358003930839345;1.2348351754510904;9.652176328440731E-4
0.2124999999999995;1.2377328405295884;1.236766113565284;9.667269643043319E-4
0.2140624999999995;1.239668309784463;1.2387000711286116;9.682386558513834E-4
0.21562499999999948;1.2416068055739515;1.2406370528626498;9.697527113017301E-4
0.21718749999999948;1.243548332630695;1.242577063496359;9.712691343359836E-4
0.21874999999999947;1.245492895694582;1.2445201077660946;9.727879284875396E-4
0.22031249999999947;1.2474404995134591;1.2464661904156173;9.743090978417968E-4
0.22187499999999946;1.2493911488418519;1.2484153161961071;9.758326457447453E-4
0.22343749999999946;1.2513448484423861;1.2503674898661725;9.77358576213616E-4
0.22499999999999945;1.2533016030843669;1.2523227161918637;9.78886892503139E-4
0.22656249999999944;1.2552614175454835;1.254280999946683;9.804175988004094E-4
0.22812499999999944;1.2572242966103886;1.256242345911598;9.819506987907012E-4
0.22968749999999943;1.2591902450711245;1.2582067588750516;9.834861960729135E-4
0.23124999999999943;1.2611592677274075;1.2601742436329753;9.850240944322408E-4
0.23281249999999942;1.2631313693864854;1.2621448049887993;9.865643976860738E-4
0.23437499999999942;1.2651065548628537;1.2641184477534657;9.881071093880145E-4
0.2359374999999994;1.267084828978966;1.266095176745439;9.89652233527094E-4
0.2374999999999994;1.2690661965646655;1.2680749967907186;9.911997739469047E-4
0.2390624999999994;1.2710506624569007;1.2700579127228508;9.92749734049836E-4
0.2406249999999994;1.2730382315010047;1.2720439293829398;9.943021180649492E-4
0.2421874999999994;1.2750289085492739;1.27403305161966;9.95856929613792E-4
0.24374999999999938;1.2770226984613942;1.2760252842892683;9.974141721258434E-4
0.24531249999999938;1.2790196061057202;1.2780206322556142;9.989738501059442E-4
0.24687499999999937;1.2810196363570014;1.2800191003901544;0.001000535966847016
0.24843749999999937;1.2830227940982297;1.2820206935719622;0.0010021005262674798
0.24999999999999936;1.2850290842199286;1.2840254166877407;0.0010036675321878352
0.25156249999999936;1.2870385116204375;1.2860332746318344;0.0010052369886031087
0.2531249999999994;1.2890510812053435;1.2880442723062413;0.0010068088991022073
0.2546874999999994;1.2910667978881918;1.2900584146206246;0.0010083832675671367
0.2562499999999994;1.2930856665904855;1.292075706492325;0.0010099600981605672
0.25781249999999944;1.2951076922406912;1.2940961528463726;0.001011539394318639
0.25937499999999947;1.2971328797753756;1.2961197586154987;0.0010131211598769507
0.2609374999999995;1.2991612341393477;1.2981465287401477;0.001014705399200011
0.2624999999999995;1.3011927602842377;1.3001764681684904;0.0010162921157472748
0.26406249999999953;1.303227463169634;1.3022095818564345;0.0010178813131993536
0.26562499999999956;1.3052653477637932;1.304245874767637;0.0010194729961561233
0.2671874999999996;1.3073064190412254;1.306285351873518;0.0010210671677073346
0.2687499999999996;1.309350681985535;1.30832801815327;0.001022663832265014
0.2703124999999996;1.311398141587432;1.3103738785938723;0.0010242629935597325
0.27187499999999964;1.3134488028454427;1.3124229381901027;0.0010258646553400474
0.27343749999999967;1.3155026707664774;1.3144752019445487;0.0010274688219287231
0.2749999999999997;1.3175597503642678;1.3165306748676213;0.0010290754966464366
0.2765624999999997;1.3196200466617825;1.3185893619775655;0.0010306846842169648
0.27812499999999973;1.3216835646881009;1.3206512683004745;0.0010322963876263636
0.27968749999999976;1.3237503094819658;1.3227163988702997;0.0010339106116661334
0.2812499999999998;1.325820286088657;1.3247847587288653;0.0010355273597917325
0.2828124999999998;1.3278934995616964;1.3268563529258788;0.001037146635817665
0.2843749999999998;1.3299699549632749;1.328931186518944;0.0010387684443309286
0.28593749999999984;1.332049657362262;1.331009264573574;0.0010403927886879494
0.28749999999999987;1.3341326118361962;1.3330905921632026;0.001042019672993666
0.2890624999999999;1.3362188234707162;1.3351751743691966;0.0010436491015195504
0.2906249999999999;1.3383082973585658;1.3372630162808696;0.0010452810776961918
0.29218749999999993;1.3404010386017262;1.3393541229954924;0.0010469156062338225
0.29374999999999996;1.3424970523087154;1.3414484996183076;0.0010485526904078224
0.2953125;1.3445963435971464;1.34354615126254;0.001050192334606459
0.296875;1.346698917592306;1.3456470830494105;0.001051834542895591
0.2984375;1.348804779427013;1.3477513001081485;0.0010534793188645697
0.30000000000000004;1.3509139342430387;1.3498588075760032;0.0010551266670355552
0.30156250000000007;1.35302638718926;1.351969610598258;0.0010567765910021176
0.3031250000000001;1.3551421434235067;1.3540837143282412;0.001058429095265545
0.3046875000000001;1.3572612081107138;1.3562011239273404;0.0010600841833734442
0.30625000000000013;1.3593835864246273;1.3583218445650134;0.0010617418596139405
0.30781250000000016;1.361509283546809;1.3604458814188019;0.0010634021280071515
0.3093750000000002;1.363638304667063;1.3625732396743437;0.0010650649927193
0.3109375000000002;1.3657706549828674;1.364703924525386;0.0010667304574814018
0.3125000000000002;1.3679063397003688;1.3668379411737968;0.0010683985265720342
0.31406250000000024;1.370045364033814;1.3689752948295786;0.0010700692042353577
0.31562500000000027;1.3721877332052657;1.3711159907108814;0.0010717424943842424
0.3171875000000003;1.374333452444887;1.3732600340440146;0.0010734184008722725
0.3187500000000003;1.3764825269916514;1.3754074300634598;0.0010750969281916323
0.32031250000000033;1.3786349620919225;1.3775581840118842;0.0010767780800382543
0.32187500000000036;1.3807907630013005;1.3797123011401529;0.0010784618611476837
0.3234375000000004;1.382949934982065;1.3818697867073424;0.001080148274722692
0.3250000000000004;1.3851124833065853;1.3840306459807519;0.0010818373258334457
0.3265625000000004;1.3872784132537674;1.3861948842359184;0.0010835290178490276
0.32812500000000044;1.3894477301118968;1.3883625067566274;0.0010852233552693935
0.32968750000000047;1.391620439177217;1.3905335188349273;0.0010869203422896323
0.3312500000000005;1.3937965457539292;1.3927079257711417;0.001088619982787531
0.3328125000000005;1.3959760551549039;1.3948857328738822;0.0010903222810216828
0.33437500000000053;1.3981589727013954;1.3970669454600617;0.0010920272413337262
0.33593750000000056;1.4003453037224745;1.3992515688549076;0.001093734867566809
0.3375000000000006;1.4025350535561643;1.401439608391974;0.0010954451641902452
0.3390625000000006;1.404728227548162;1.4036310694131555;0.0010971581350065485
0.3406250000000006;1.4069248310534022;1.4058259572686995;0.0010988737847026364
0.34218750000000064;1.4091248694343506;1.4080242773172205;0.0011005921171300947
0.34375000000000067;1.411328348062142;1.4102260349257116;0.0011023131364302774
0.3453125000000007;1.4135352723165795;1.4124312354695587;0.0011040368470207618
0.3468750000000007;1.4157456475855668;1.4146398843325534;0.0011057632530133699
0.34843750000000073;1.4179594792655337;1.4168519869069058;0.0011074923586278373
0.35000000000000075;1.4201767727612946;1.4190675485932582;0.0011092241680363824
0.3515625000000008;1.4223975334863326;1.4212865748006978;0.001110958685634822
0.3531250000000008;1.4246217668620886;1.4235090709467701;0.0011126959153184846
0.3546875000000008;1.426849478319241;1.4257350424574922;0.0011144358617487526
0.35625000000000084;1.4290806732961414;1.427964494767366;0.0011161785287754356
0.35781250000000087;1.4313153572403792;1.4301974333193912;0.0011179239209879732
0.3593750000000009;1.4335535356076434;1.4324338635650793;0.0011196720425641349
0.3609375000000009;1.4357952138620078;1.4346737909644662;0.0011214228975415796
0.36250000000000093;1.438040397476641;1.4369172209861256;0.0011231764905152986
0.36406250000000095;1.4402890919328115;1.4391641591071829;0.001124932825628644
0.365625000000001;1.4425413027203149;1.441414610813328;0.0011266919069869985
0.367187500000001;1.4447970353378992;1.4436685815988284;0.0011284537390707783
0.368750000000001;1.447056295292981;1.4459260769665438;0.0011302183264372268
0.37031250000000104;1.4493190881007934;1.4481871024279391;0.0011319856728542188
0.37187500000000107;1.451585419286232;1.4504516635030966;0.0011337557831354594
0.3734375000000011;1.4538552943818672;1.4527197657207314;0.001135528661135865
0.3750000000000011;1.456128718929648;1.454991414618203;0.0011373043114448755
0.37656250000000113;1.4584056984801919;1.4572666157415306;0.0011390827386612568
0.37812500000000115;1.4606862385919328;1.459545374645406;0.0011408639465269044
0.3796875000000012;1.46297034483311;1.4618276968932058;0.0011426479399041511
0.3812500000000012;1.4652580227797785;1.4641135880570075;0.0011444347227709262
0.3828125000000012;1.4675492780173727;1.466403053717601;0.0011462242997717365
0.38437500000000124;1.4698441161397113;1.468696099464503;0.0011480166752082521
0.38593750000000127;1.472142542749424;1.4709927308959714;0.0011498118534525315
0.3875000000000013;1.4744445634576664;1.4732929536190174;0.001151609838649037
0.3890625000000013;1.476750183885116;1.47559677324942;0.0011534106356960727
0.39062500000000133;1.479059409660124;1.4779041954117405;0.001155214248383496
0.39218750000000135;1.4813722464209889;1.4802152257393344;0.0011570206816544637
0.3937500000000014;1.4836886998138255;1.4825298698743672;0.0011588299394582613
0.3953125000000014;1.4860087754944118;1.4848481334678263;0.001160642026585501
0.3968750000000014;1.4883324791269104;1.4871700221795363;0.0011624569473740465
0.39843750000000144;1.4906598163842943;1.489495541678172;0.001164274706122237
0.40000000000000147;1.4929907929484898;1.4918246976412726;0.0011660953072172298
0.4015625000000015;1.4953254145106598;1.4941574957552546;0.0011679187554052284
0.4031250000000015;1.4976636867703519;1.4964939417154275;0.0011697450549243982
0.40468750000000153;1.5000056154360664;1.4988340412260062;0.0011715742100602
0.40625000000000155;1.502351206225967;1.501177800000125;0.0011734062258419442
0.4078125000000016;1.5047004648658913;1.503525223759853;0.0011752411060381718
0.4093750000000016;1.5070533970919087;1.505876318236206;0.001177078855702618
0.4109375000000016;1.5094100086481888;1.5082310891691622;0.0011789194790265967
0.41250000000000164;1.5117703052882803;1.510589542307675;0.001180762980605321
0.41406250000000167;1.5141342927745427;1.5129516834096879;0.0011826093648548142
0.4156250000000017;1.5165019768785726;1.515317518242148;0.001184458636424468
0.4171875000000017;1.518873363380635;1.5176870525810209;0.0011863107996141764
0.41875000000000173;1.5212484580703745;1.5200602922113031;0.0011881658590713329
0.42031250000000175;1.523627266746388;1.522437242927038;0.0011900238193498502
0.4218750000000018;1.5260097952165097;1.5248179105313293;0.0011918846851803888
0.4234375000000018;1.5283960492968163;1.527202300836355;0.0011937484604611637
0.4250000000000018;1.5307860348139002;1.5295904196633814;0.0011956151505188028
0.42656250000000184;1.533179757602312;1.531982272842778;0.0011974847595339622
0.42812500000000187;1.5355772235058396;1.5343778662140317;0.0011993572918078677
0.4296875000000019;1.5379784383783601;1.5367772056257596;0.001201232752600534
0.4312500000000019;1.540383408081425;1.5391802969357258;0.001203111145699154
0.43281250000000193;1.5427921384872434;1.541587146010853;0.0012049924763903874
0.43437500000000195;1.545204635476125;1.5439977587272393;0.0012068767488857546
0.435937500000002;1.5476209049379008;1.5464121409701708;0.0012087639677300643
0.437500000000002;1.5500409527719228;1.5488302986341362;0.0012106541377865376
0.439062500000002;1.5524647848862116;1.5512522376228424;0.001212547263369279
0.44062500000000204;1.5548924071987358;1.553677963849227;0.0012144433495087092
0.44218750000000207;1.55732382563599;1.556107483235475;0.001216342400514936
0.4437500000000021;1.5597590461339905;1.5585408017130313;0.0012182444209591914
0.4453125000000021;1.5621980746384168;1.5609779252226157;0.001220149415801064
0.44687500000000213;1.564640917103759;1.5634188597142382;0.0012220573895207476
0.44843750000000215;1.5670875794940287;1.5658636111472128;0.001223968346815818
0.4500000000000022;1.5695380677823323;1.5683121854901723;0.0012258822921600299
0.4515625000000022;1.5719923879514397;1.5707645887210822;0.0012277992303575402
0.4531250000000022;1.574450545993642;1.5732208268272563;0.001229719166385701
0.45468750000000224;1.5769125479097568;1.5756809058053713;0.001231642104385422
0.45625000000000226;1.5793783997109756;1.5781448316614803;0.0012335680494952594
0.4578125000000023;1.5818481074171586;1.5806126104110287;0.0012354970061299042
0.4593750000000023;1.5843216770579716;1.583084248078868;0.0012374289791035054
0.46093750000000233;1.5867991146726013;1.5855597506992711;0.001239363973330132
0.46250000000000235;1.5892804263090454;1.588039124315947;0.0012413019930983538
0.4640625000000024;1.5917656180256756;1.590522374982055;0.0012432430436206676
0.4656250000000024;1.59425469588939;1.59300950876022;0.001245187129169878
0.4671875000000024;1.5967476659776025;1.5955005317225472;0.0012471342550552933
0.46875000000000244;1.5992445343759698;1.5979954499506372;0.0012490844253325584
0.47031250000000246;1.6017453071809484;1.6004942695355997;0.0012510376453487293
0.4718750000000025;1.6042499904976637;1.60299699657807;0.00125299391959377
0.4734375000000025;1.6067585904411885;1.6055036371882225;0.0012549532529659846
0.47500000000000253;1.609271113135975;1.608014197485787;0.0012569156501880396
0.47656250000000255;1.6117875647159963;1.6105286836000619;0.0012588811159344182
0.4781250000000026;1.6143079513251735;1.6130471016699306;0.0012608496552428683
0.4796875000000026;1.6168322791165224;1.6155694578438762;0.0012628212726462085
0.4812500000000026;1.6193605542532907;1.6180957582799957;0.0012647959732949854
0.48281250000000264;1.6218927829078211;1.6206260091460165;0.0012667737618046182
0.48437500000000266;1.6244289712622617;1.62316021661931;0.0012687546429517305
0.4859375000000027;1.626969125508424;1.6256983868869073;0.0012707386215167205
0.4875000000000027;1.6295132518482092;1.6282405261455142;0.0012727257026949879
0.48906250000000273;1.6320613564926134;1.630786640601527;0.0012747158910864087
0.49062500000000275;1.6346134456625805;1.6333367364710467;0.0012767091915337758
0.4921875000000028;1.6371695255888596;1.6358908199798945;0.0012787056089651472
0.4937500000000028;1.6397296025117214;1.638448897363627;0.0012807051480943077
0.4953125000000028;1.642293682681668;1.6410109748675517;0.001282707814116435
0.49687500000000284;1.6448617723584391;1.6435770587467418;0.0012847136116973523
0.49843750000000286;1.6474338778118636;1.6461471552660518;0.001286722545811747
0.5000000000000029;1.650010005321434;1.6487212707001329;0.0012887346213010797
0.5015625000000029;1.6525901611765903;1.6512994113334476;0.0012907498431427022
0.5031250000000029;1.6551743516764361;1.653881583460286;0.0012927682161500975
0.504687500000003;1.6577625831303067;1.6564677933847805;0.0012947897455262147
0.506250000000003;1.6603548618567743;1.6590580474209216;0.0012968144358527223
0.507812500000003;1.6629511941847852;1.6616523518925728;0.0012988422922124432
0.509375000000003;1.6655515864530912;1.6642507131334865;0.0013008733196047118
0.510937500000003;1.6681560450102495;1.6668531374873194;0.0013029075229300524
0.5125000000000031;1.670764576214907;1.669459631307648;0.0013049449072590757
0.5140625000000031;1.6733771864355163;1.6720702009579838;0.0013069854775324963
0.5156250000000031;1.675993882050335;1.6746848528117892;0.0013090292385458113
0.5171875000000031;1.6786146694479953;1.677303593252493;0.0013110761955024142
0.5187500000000032;1.6812395550267922;1.6799264286735054;0.001313126353286842
0.5203125000000032;1.6838685451952529;1.6825533654782348;0.0013151797170181112
0.5218750000000032;1.6865016463718518;1.6851844100801023;0.0013172362917495128
0.5234375000000032;1.689138864984585;1.6878195689025584;0.001319296082026744
0.5250000000000032;1.691780207472675;1.6904588483790968;0.0013213590935783337
0.5265625000000033;1.6944256802842972;1.6931022549532728;0.0013234253310243638
0.5281250000000033;1.6970752898781427;1.695749795078717;0.001325494799425675
0.5296875000000033;1.6997290427229927;1.6984014752191516;0.0013275675038411094
0.5312500000000033;1.7023869452980023;1.7010573018484063;0.001329643449595963
0.5328125000000034;1.7050490040918476;1.7037172814504344;0.0013317226414131245
0.5343750000000034;1.707715225603721;1.706381420519328;0.0013338050843929583
0.5359375000000034;1.7103856163433306;1.7090497255593338;0.0013358907839968737
0.5375000000000034;1.7130601828297642;1.7117222030848702;0.0013379797448940245
0.5390625000000034;1.7157389315929095;1.7143988596205417;0.0013400719723677401
0.5406250000000035;1.7184218691726016;1.7170797017011556;0.0013421674714459986
0.5421875000000035;1.7211090021191922;1.7197647358717378;0.0013442662474543177
0.5437500000000035;1.7238003369928379;1.722453968687549;0.001346368305288781
0.5453125000000035;1.7264958803642116;1.7251474067141004;0.0013484736501112593
0.5468750000000036;1.7291956388142182;1.7278450565271695;0.0013505822870487627
0.5484375000000036;1.7318996189342784;1.7305469247128167;0.00135269422146167
0.5500000000000036;1.7346078273256182;1.7332530178674015;0.0013548094582167547
0.5515625000000036;1.7373202706004065;1.7359633425975978;0.0013569280028087327
0.5531250000000036;1.740036955380333;1.738677905520411;0.001359049859922079
0.5546875000000037;1.7427578882984562;1.7413967132631927;0.001361175035263562
0.5562500000000037;1.7454830759974982;1.744119772463659;0.0013633035338391775
0.5578125000000037;1.7482125251304126;1.746847089769905;0.0013654353605074832
0.5593750000000037;1.7509462423613797;1.7495786718404214;0.0013675705209583722
0.5609375000000038;1.7536842343642434;1.752314525344111;0.001369709020132337
0.5625000000000038;1.7564265078236474;1.7550546569603052;0.0013718508633422388
0.5640625000000038;1.7591730694347518;1.7577990733787796;0.0013739960559722153
0.5656250000000038;1.7619239259025221;1.7605477812997714;0.0013761446027507063
0.5671875000000038;1.7646790839434345;1.763300787433994;0.0013782965094404354
0.5687500000000039;1.767438550283913;1.7660580985026557;0.0013804517812572303
0.5703125000000039;1.770202331660471;1.7688197212374743;0.0013826104229965885
0.5718750000000039;1.7729704348211328;1.7715856623806938;0.0013847724404389972
0.5734375000000039;1.7757428665238706;1.7743559286851018;0.0013869378387687537
0.575000000000004;1.7785196335370301;1.7771305269140454;0.0013891066229847482
0.576562500000004;1.781300742640184;1.779909463841447;0.0013912787987369057
0.578125000000004;1.7840862006227098;1.7826927462518223;0.001393454370887559
0.579687500000004;1.7868760142856388;1.7854803809402953;0.0013956333453435388
0.581250000000004;1.789670190439665;1.7882723747126166;0.001397815727048446
0.5828125000000041;1.792468735906425;1.7910687343851786;0.00140000152124653
0.5843750000000041;1.79527165751864;1.7938694667850323;0.0014021907336077
0.5859375000000041;1.7980789621189786;1.7966745787499052;0.0014043833690733365
0.5875000000000041;1.800890656561478;1.7994840771282161;0.0014065794332618342
0.5890625000000042;1.8037067477106916;1.8022979687790934;0.001408778931598187
0.5906250000000042;1.806527242441689;1.8051162605723914;0.0014109818692975562
0.5921875000000042;1.8093521476404817;1.8079389593887065;0.001413188251775166
0.5937500000000042;1.8121814702037398;1.8107660721193948;0.0014153980843449876
0.5953125000000042;1.8150152170392175;1.8135976056665881;0.0014176113726294126
0.5968750000000043;1.8178533950649012;1.816433566943212;0.0014198281216892816
0.5984375000000043;1.8206960112102877;1.8192739628730008;0.0014220483372868742
0.6000000000000043;1.8235430724151058;1.8221188003905169;0.0014242720245889462
0.6015625000000043;1.826394585630311;1.8249680864411655;0.0014264991891455026
0.6031250000000044;1.8292505578175167;1.8278218279812128;0.0014287298363038214
0.6046875000000044;1.8321109959494208;1.8306800319778027;0.0014309639716181266
0.6062500000000044;1.8349759070096638;1.8335427054089737;0.0014332016006901593
0.6078125000000044;1.8378452979921178;1.8364098552636763;0.0014354427284415383
0.6093750000000044;1.8407191759027342;1.839281488541789;0.0014376873609451835
0.6109375000000045;1.843597547757554;1.842157612254137;0.0014399355034169226
0.6125000000000045;1.8464804205837027;1.8450382334225082;0.0014421871611944859
0.6140625000000045;1.8493678014196746;1.8479233590796702;0.0014444423400044037
0.6156250000000045;1.8522596973147643;1.8508129962693884;0.001446701045375809
0.6171875000000046;1.8551561153292084;1.8537071520464428;0.0014489632827656695
0.6187500000000046;1.8580570625340442;1.8566058334766447;0.0014512290573995834
0.6203125000000046;1.8609625460121038;1.859509047636854;0.0014534983752496622
0.6218750000000046;1.8638725728568772;1.862416801614998;0.0014557712418792335
0.6234375000000046;1.866787150172371;1.8653291025100869;0.0014580476622840788
0.6250000000000047;1.8697062850746704;1.8682459574322312;0.0014603276424391964
0.6265625000000047;1.8726299846908034;1.8711673735026604;0.0014626111881430592
0.6281250000000047;1.8755582561580297;1.8740933578537398;0.0014648983042899744
0.6296875000000047;1.8784911066261145;1.8770239176289867;0.001467188997127833
0.6312500000000048;1.8814285432549127;1.87995905998309;0.0014694832718227246
0.6328125000000048;1.8843705732160743;1.8828987920819258;0.0014717811341484754
0.6343750000000048;1.8873172036923336;1.885843121102576;0.0014740825897576748
0.6359375000000048;1.8902684418775095;1.8887920542333452;0.0014763876441643564
0.6375000000000048;1.8932242949767897;1.8917455986737788;0.0014786963030108957
0.6390625000000049;1.8961847702067303;1.89470376163468;0.0014810085720502464
0.6406250000000049;1.8991498747948299;1.897666550338128;0.001483324456701851
0.6421875000000049;1.90211961598024;1.900633972017495;0.0014856439627450868
0.6437500000000049;1.905094001013481;1.903606033917464;0.00148796709601684
0.645312500000005;1.908073037155873;1.9065827432940476;0.0014902938618253092
0.646875000000005;1.9110567316808158;1.9095641074146037;0.0014926242662121059
0.648437500000005;1.9140450918725094;1.912550133557855;0.0014949583146544043
0.650000000000005;1.9170381250266644;1.9155408290139058;0.0014972960127586088
0.651562500000005;1.9200358384507865;1.91853620108426;0.001499637366526585
0.6531250000000051;1.9230382394633239;1.9215362570818393;0.001501982381484579
0.6546875000000051;1.9260453353943774;1.9245410043310007;0.0015043310633766627
0.6562500000000051;1.9290571335855589;1.9275504501675544;0.0015066834180044175
0.6578125000000051;1.9320736413898487;1.9305646019387819;0.0015090394510668403
0.6593750000000052;1.935094866171596;1.9335834670034535;0.0015113991681425798
0.6609375000000052;1.9381208153070872;1.9366070527318466;0.001513762575240607
0.6625000000000052;1.941151496183977;1.939635366505764;0.0015161296782131295
0.6640625000000052;1.944186916201005;1.9426684157185514;0.0015185004824536108
0.6656250000000052;1.947227082769274;1.9457062077751155;0.0015208749941584276
0.6671875000000053;1.9502720033106868;1.9487487500919425;0.0015232532187443582
0.6687500000000053;1.9533216852595103;1.9517960500971154;0.0015256351623949005
0.6703125000000053;1.9563761360608112;1.9548481152303334;0.001528020830477761
0.6718750000000053;1.9594353631723038;1.9579049529429284;0.0015304102293753896
0.6734375000000054;1.962499374062503;1.9609665706978852;0.0015328033646178074
0.6750000000000054;1.9655681762117183;1.9640329759698578;0.0015352002418604904
0.6765625000000054;1.9686417771123388;1.9671041762451886;0.0015376008671501573
0.6781250000000054;1.9717201842684062;1.9701801790219267;0.00154000524647957
0.6796875000000054;1.9748034051954733;1.973260991809846;0.001542413385627217
0.6812500000000055;1.9778914474207454;1.976346622130464;0.0015448252902814374
0.6828125000000055;1.9809843184836495;1.9794370775170589;0.0015472409665906461
0.6843750000000055;1.9840820259349812;1.9825323655146896;0.0015496604202915876
0.6859375000000055;1.987184577337473;1.985632493680213;0.001552083657260006
0.6875000000000056;1.990291980266079;1.9887374695823028;0.0015545106837762113
0.6890625000000056;1.9934042423066956;1.9918473008014685;0.0015569415052270053
0.6906250000000056;1.9965213710578666;1.9949619949300728;0.0015593761277938878
0.6921875000000056;1.9996433741300734;1.9980815595723507;0.0015618145577227516
0.6937500000000056;2.0027702591445973;2.001206002344429;0.001564256800168362
0.6953125000000057;2.005902033736504;2.0043353308743423;0.0015667028621617618
0.6968750000000057;2.0090387055509495;2.0074695528020556;0.0015691527488939094
0.6984375000000057;2.012180282245879;2.010608675779479;0.0015716064663999774
0.7000000000000057;2.015326771491459;2.013752707470488;0.0015740640209709333
0.7015625000000058;2.0184781809695096;2.0169016555509436;0.0015765254185660105
0.7031250000000058;2.021634518373503;2.0200555277087084;0.0015789906647944996
0.7046875000000058;2.0247957914099857;2.023214331643667;0.001581459766318627
0.7062500000000058;2.0279620077965888;2.026378075067745;0.0015839327288436067
0.7078125000000058;2.0311331752628803;2.0295467657049273;0.0015864095579529724
0.7093750000000059;2.0343093015517866;2.0327204112912756;0.0015888902605110111
0.7109375000000059;2.0374903944173184;2.0358990195749502;0.001591374842368154
0.7125000000000059;2.0406764616251394;2.0390825983162273;0.0015938633089120913
0.7140625000000059;2.0438675109545557;2.0422711552875166;0.0015963556670390844
0.715625000000006;2.0470635501959578;2.045464698273383;0.0015988519225746955
0.717187500000006;2.0502645871519576;2.0486632350705642;0.0016013520813933368
0.718750000000006;2.0534706296376726;2.051866773487989;0.0016038561496833914
0.720312500000006;2.0566816854807257;2.055075321346798;0.0016063641339276735
0.721875000000006;2.0598977625201087;2.0582888864803617;0.0016088760397470203
0.7234375000000061;2.063118868607887;2.0615074767342993;0.0016113918735878308
0.7250000000000061;2.0663450116077797;2.064731099966499;0.001613911641280552
0.7265625000000061;2.069576199396579;2.0679597640471363;0.0016164353494425576
0.7281250000000061;2.07281243986273;2.0711934768586935;0.0016189630040366332
0.7296875000000062;2.0760537409069;2.074432246295979;0.0016214946109212036
0.7312500000000062;2.07930011044283;2.077676080266146;0.0016240301766838883
0.7328125000000062;2.082551556395913;2.080924986688713;0.0016265697071999874
0.7343750000000062;2.085808086704617;2.0841789734955816;0.00162911320903536
0.7359375000000062;2.0890697093190624;2.0874380486310575;0.00163166068800491
0.7375000000000063;2.0923364322027282;2.0907022200518686;0.0016342121508596819
0.7390625000000063;2.095608263330462;2.0939714957271853;0.0016367676032764678
0.7406250000000063;2.0988852106901845;2.097245883638639;0.0016393270515453473
0.7421875000000063;2.1021672822826076;2.1005253917803426;0.001641890502265042
0.7437500000000064;2.1054544861203794;2.103810028158909;0.0016444579614702803
0.7453125000000064;2.1087468302292223;2.1070998007934723;0.0016470294357500137
0.7468750000000064;2.112044322646227;2.1103947177157054;0.0016496049305216864
0.7484375000000064;2.115346971422696;2.11369478696984;0.0016521844528556429
0.7500000000000064;2.1186547846218673;2.117000016612688;0.001654768009179186
0.7515625000000065;2.1219677703189177;2.1203104147136598;0.0016573556052579264
0.7531250000000065;2.125285936602097;2.123625989354783;0.0016599472473139976
0.7546875000000065;2.128609291573298;2.126946748630724;0.0016625429425740634
0.7562500000000065;2.131937843345213;2.130272700648807;0.0016651426964058302
0.7578125000000066;2.1352716000444616;2.133603853529034;0.0016677465154275595
0.7593750000000066;2.1386105698101687;2.1369402154041035;0.001670354406065222
0.7609375000000066;2.1419547607945333;2.140281794419432;0.0016729663751013923
0.7625000000000066;2.1453041811616913;2.1436285987331734;0.0016755824285179521
0.7640625000000066;2.1486588390885686;2.1469806365162385;0.0016782025723300897
0.7656250000000067;2.1520187427657334;2.1503379159523144;0.0016808268134189674
0.7671875000000067;2.1553839003962594;2.153700445237886;0.0016834551583735369
0.7687500000000067;2.1587543201951576;2.157068232582255;0.0016860876129025648
0.7703125000000067;2.1621300103916496;2.16044128620756;0.0016887241840897182
0.7718750000000068;2.1655109792271787;2.163819614348797;0.0016913648783818402
0.7734375000000068;2.168897234955409;2.1672032252538393;0.001694009701569854
0.7750000000000068;2.1722887858442164;2.170592127183457;0.0016966586607591871
0.7765625000000068;2.1756856401734126;2.1739863284113388;0.0016993117620738296
0.7781250000000068;2.1790878062361685;2.1773858372241097;0.0017019690120587683
0.7796875000000069;2.1824952923387286;2.1807906619213537;0.0017046304173748972
0.7812500000000069;2.185908106799843;2.184200810815633;0.0017072959842101554
0.7828125000000069;2.189326257952189;2.1876162922325078;0.0017099657196810725
0.7843750000000069;2.192749754139811;2.191037114510558;0.0017126396292530544
0.785937500000007;2.196178603722103;2.1944632860014015;0.001715317720701659
0.787500000000007;2.199612815068974;2.1978948150697173;0.001717999999256925
0.789062500000007;2.2030523965659654;2.2013317100932626;0.0017206864727028481
0.790625000000007;2.2064973566099866;2.204773979462897;0.0017233771470896997
0.792187500000007;2.2099477036110216;2.2082216315826;0.0017260720284215658
0.7937500000000071;2.213403445993549;2.211674674869492;0.0017287711240570047
0.7953125000000071;2.21686459219427;2.215133117753857;0.0017314744404126614
0.7968750000000071;2.2203311506632417;2.2185969686791607;0.0017341819840810402
0.7984375000000071;2.223803129863313;2.222066236102072;0.0017368937612411983
0.8000000000000071;2.2272805382718275;2.2255409284924834;0.0017396097793440646
0.8015625000000072;2.2307633843774965;2.229021054333533;0.0017423300439634026
0.8031250000000072;2.23425167668438;2.232506622121623;0.0017450545627570868
0.8046875000000072;2.237745423708475;2.2359976403664423;0.0017477833420325162
0.8062500000000072;2.2412446339788517;2.239494117590987;0.001750516387864831
0.8078125000000073;2.2447493160393606;2.2429960623315788;0.0017532537077817878
0.8093750000000073;2.248259478446073;2.2465034831378903;0.0017559953081827118
0.8109375000000073;2.2517751297681343;2.2500163885729623;0.0017587411951720533
0.8125000000000073;2.2552962785897535;2.253534787213225;0.001761491376528479
0.8140625000000073;2.258822933506792;2.2570586876485215;0.0017642458582707299
0.8156250000000074;2.262355103129039;2.260588098482126;0.0017670046469131506
0.8171875000000074;2.2658927960807773;2.264123028330765;0.0017697677500123632
0.8187500000000074;2.269436020998228;2.267663485824641;0.0017725351735866646
0.8203125000000074;2.272984786531822;2.271209479607451;0.0017753069243711117
0.8218750000000075;2.2765391013464864;2.274761018336407;0.0017780830100795342
0.8234375000000075;2.2800989741185163;2.2783181106822608;0.0017808634362554976
0.8250000000000075;2.2836644135395545;2.281880765329321;0.0017836482102335793
0.8265625000000075;2.2872354283148866;2.2854489909754765;0.0017864373394100852
0.8281250000000075;2.2908120271614507;2.2890227963322185;0.0017892308292322134
0.8296875000000076;2.2943942188123856;2.2926021901246583;0.0017920286877273206
0.8312500000000076;2.297982012013051;2.2961871810915526;0.0017948309214985692
0.8328125000000076;2.3015754155218815;2.299777777985323;0.001797637536558483
0.8343750000000076;2.3051744381129424;2.303373989572076;0.0018004485408664728
0.8359375000000077;2.3087790885725212;2.3069758246316274;0.0018032639408938067
0.8375000000000077;2.3123893757002634;2.310583291957522;0.0018060837427413823
0.8390625000000077;2.3160053083117305;2.3141964003570537;0.0018089079546768083
0.8406250000000077;2.319626895234137;2.3178151586512907;0.0018117365828462795
0.8421875000000077;2.3232541453089084;2.321439575675094;0.0018145696338143225
0.8437500000000078;2.3268870673922493;2.3250696602771392;0.0018174071151100257
0.8453125000000078;2.330525670353154;2.3287054213199396;0.0018202490332144272
0.8468750000000078;2.3341699630753965;2.3323468676798664;0.00182309539553005
0.8484375000000078;2.3378199544561085;2.3359940082471717;0.001825946208936724
0.8500000000000079;2.34147565340578;2.3396468519260094;0.0018288014797707142
0.8515625000000079;2.3451370688502493;2.343305407634456;0.0018316612157933676
0.8531250000000079;2.3488042097278594;2.3469696843045345;0.001834525423324962
0.8546875000000079;2.3524770849923016;2.3506396908822342;0.0018373941100673363
0.856250000000008;2.3561557036100567;2.3543154363275347;0.0018402672825219568
0.857812500000008;2.3598400745618164;2.3579969296144254;0.0018431449473910178
0.859375000000008;2.3635302068436204;2.3616841797309283;0.0018460271126921057
0.860937500000008;2.3672261094640135;2.3653771956791214;0.0018489137848920478
0.862500000000008;2.3709277914457516;2.369075986475159;0.0018518049705926742
0.8640625000000081;2.3746352618269384;2.372780561149293;0.0018547006776454822
0.8656250000000081;2.378348529658467;2.3764909287458975;0.0018576009125697013
0.8671875000000081;2.382067604006295;2.380207098323489;0.0018605056828060462
0.8687500000000081;2.385792493950021;2.3839290789547487;0.0018634149952720946
0.8703125000000081;2.389523208583455;2.3876568797265456;0.001866328856909405
0.8718750000000082;2.393259757015187;2.3913905097399573;0.0018692472752297462
0.8734375000000082;2.3970021483674486;2.3951299781102935;0.0018721702571551369
0.8750000000000082;2.400750391776967;2.3988752939671176;0.00187509780984918
0.8765625000000082;2.404504496394395;2.402626466454269;0.0018780299401259803
0.8781250000000083;2.4082644713854506;2.4063835047298854;0.0018809666555652527
0.8796875000000083;2.412030325929777;2.410146417966425;0.0018839079633519162
0.8812500000000083;2.415802069221229;2.4139152153506904;0.0018868538705385518
0.8828125000000083;2.419579710467872;2.4176899060838486;0.001889804384023197
0.8843750000000083;2.4233632588931187;2.4214704993814546;0.0018927595116640106
0.8859375000000084;2.4271527237334567;2.425257004473475;0.0018957192599815542
0.8875000000000084;2.4309481142407208;2.4290494306043087;0.0018986836364121018
0.8890625000000084;2.4347494396818092;2.43284778703281;0.0019016526489994412
0.8906250000000084;2.438556709335842;2.4366520830323126;0.0019046263035291666
0.8921875000000085;2.442369932498991;2.44046232789065;0.0019076046083412734
0.8937500000000085;2.446189118480504;2.4442785309101795;0.0019105875703244735
0.8953125000000085;2.450014276604975;2.4481007014078053;0.0019135751971695036
0.8968750000000085;2.4538454162103562;2.4519288487150006;0.0019165674953556255
0.8984375000000085;2.457682546650517;2.4557629821778293;0.001919564472687707
0.9000000000000086;2.461525677293821;2.4596031111569707;0.0019225661368502678
0.9015625000000086;2.4653748175219903;2.4634492450277423;0.0019255724942479624
0.9031250000000086;2.4692299767335157;2.4673013931801204;0.0019285835533953133
0.9046875000000086;2.473091164339394;2.4711595650187665;0.001931599320627253
0.9062500000000087;2.476958389766537;2.475023769963047;0.0019346198034901896
0.9078125000000087;2.4808316624569215;2.478894017447057;0.001937645009864486
0.9093750000000087;2.48471099186645;2.482770316919646;0.0019406749468040552
0.9109375000000087;2.4885963874658046;2.4866526778444373;0.0019437096213672511
0.9125000000000087;2.4924878587415833;2.4905411096998527;0.0019467490417306443
0.9140625000000088;2.496385415194027;2.4944356219791364;0.0019497932148904162
0.9156250000000088;2.500289066338439;2.498336224190377;0.0019528421480621283
0.9171875000000088;2.5041988217054723;2.502242925856531;0.0019558958489414024
0.9187500000000088;2.508114690840273;2.5061557365154457;0.001958954324827289
0.9203125000000089;2.51203668330362;2.5100746657198836;0.001962017583736486
0.9218750000000089;2.515964808670219;2.5139997230375455;0.0019650856326736132
0.9234375000000089;2.519899076529839;2.5179309180510927;0.001968158478746318
0.9250000000000089;2.523839496488449;2.5218682603581706;0.0019712361302786086
0.926562500000009;2.5277860781656614;2.525811759571434;0.0019743185942275865
0.928125000000009;2.5317388311967193;2.5297614253185676;0.00197740587815165
0.929687500000009;2.5356977652324986;2.5337172672423125;0.0019804979901860698
0.931250000000009;2.5396628899375173;2.5376792950004883;0.001983594937029043
0.932812500000009;2.543634214992778;2.5416475182660156;0.001986696726762549
0.9343750000000091;2.547611750094063;2.545621946726942;0.00198980336712129
0.9359375000000091;2.551595504951081;2.549602590086464;0.001992914864616946
0.9375000000000091;2.5555854892914454;2.55358945806295;0.001996031228495454
0.9390625000000091;2.5595817128549925;2.557582560389968;0.0019991524650246895
0.9406250000000091;2.5635841853986108;2.5615819068163037;0.00200227858230706
0.9421875000000092;2.5675929166942524;2.565587507105989;0.0020054095882633405
0.9437500000000092;2.5716079165280803;2.569599371038324;0.002008545489756486
0.9453125000000092;2.5756291947033105;2.573617508407899;0.0020116862954115966
0.9468750000000092;2.5796567610365173;2.577641929024623;0.002014832011894452
0.9484375000000093;2.5836906253618963;2.5816726427137424;0.002017982648153893
0.9500000000000093;2.5877307975261488;2.5857096593158704;0.0020211382102783837
0.9515625000000093;2.59177728739445;2.589752988687005;0.002024298707445027
0.9531250000000093;2.5958301048450494;2.593802640698559;0.0020274641464905763
0.9546875000000093;2.599889259772681;2.597858625237379;0.002030634535301612
0.9562500000000094;2.6039547620879944;2.601920952205774;0.00203380988222035
0.9578125000000094;2.6080266217152825;2.6059896315215365;0.0020369901937460355
0.9593750000000094;2.6121048485970277;2.6100646731179666;0.0020401754790611015
0.9609375000000094;2.6161894526887863;2.6141460869438995;0.002043365744886838
0.9625000000000095;2.6202804439631677;2.6182338829637257;0.002046560999442004
0.9640625000000095;2.624377832407845;2.622328071157418;0.0020497612504266627
0.9656250000000095;2.628481628026691;2.6264286615205554;0.002052966506135512
0.9671875000000095;2.63259184083779;2.630535664064347;0.0020561767734430525
0.9687500000000095;2.636708480876848;2.634649088815656;0.002059392061191989
0.9703125000000096;2.640831558193213;2.6387689458170263;0.0020626123761866566
0.9718750000000096;2.644961082854138;2.642895245126703;0.0020658377274349604
0.9734375000000096;2.64909706494052;2.6470279968186627;0.0020690681218571427
0.9750000000000096;2.6532395145503074;2.6511672109826323;0.002072303567675071
0.9765625000000097;2.657388441797366;2.655312897724117;0.002075544073248725
0.9781250000000097;2.661543856810056;2.6594650671644255;0.0020787896456302413
0.9796875000000097;2.665705769734359;2.6636237294406913;0.002082040293667653
0.9812500000000097;2.6698741907301837;2.667788894705901;0.0020852960242825347
0.9828125000000097;2.67404912997506;2.671960573128917;0.0020885568461430637
0.9843750000000098;2.6782305976615817;2.676138774894503;0.0020918227670785328
0.9859375000000098;2.682418603998258;2.6803235102033494;0.0020950937949084647
0.9875000000000098;2.6866131592097986;2.6845147892720966;0.0020983699377019605
0.9890625000000098;2.6908142735371143;2.688712622333362;0.002101651203752386
0.9906250000000099;2.695021957236463;2.6929170196357637;0.002104937600699408
0.9921875000000099;2.6992362205803033;2.6971279914439457;0.0021082291363576644
0.9937500000000099;2.7034570738578623;2.7013455480386024;0.002111525819259885
0.9953125000000099;2.707684527373715;2.7055696997165053;0.002114827657209606
0.99687500000001;2.711918591448921;2.7098004567905267;0.0021181346583940552
0.99843750000001;2.7161592764201714;2.7140378295896657;0.0021214468305057466
