0.003125;1.0023466006929027;1.003129887902739;7.832872098363364E-4
0.004687500000000001;1.0039139914617579;1.004698503514398;7.84512052640185E-4
0.00625;1.0054838331929261;1.006269572003762;7.857388108358787E-4
0.0078125;1.007056129719075;1.007843097206448;7.869674873730581E-4
0.009375;1.0086308848786985;1.009419082964071;7.881980853725601E-4
0.0109375;1.0102081025168275;1.0109975331242536;7.894306074260893E-4
0.012499999999999999;1.011787786483751;1.0125784515406344;7.906650568834106E-4
0.014062499999999999;1.013369940636153;1.0141618420728784;7.919014367254729E-4
0.015624999999999998;1.0149545688366857;1.0157477085866857;7.931397500000603E-4
0.017187499999999998;1.0165416749543965;1.017336054953802;7.94379999405459E-4
0.01875;1.0181312628635908;1.0189268850520263;7.956221884355408E-4
0.0203125;1.019723336445253;1.020520202765222;7.968663199691139E-4
0.021875000000000002;1.0213178995867622;1.0221160119833264;7.981123965641324E-4
0.023437500000000003;1.0229149561801876;1.023714316602358;7.993604221703254E-4
0.025000000000000005;1.0245145101254138;1.0253151205244289;8.006103990150226E-4
0.026562500000000006;1.0261165653271576;1.0269184276577525;8.018623305949824E-4
0.028125000000000008;1.0277211256968144;1.0285242419166538;8.031162198394171E-4
0.02968750000000001;1.0293281951517486;1.0301325672215784;8.043720698298618E-4
0.03125000000000001;1.030937777615577;1.0317434074991028;8.05629883525727E-4
0.03281250000000001;1.0325498770176011;1.0333567666819428;8.068896643416146E-4
0.03437500000000001;1.0341644972942277;1.034972648708965;8.081514147373348E-4
0.03593750000000001;1.0357816423868371;1.0365910575251944;8.094151383573056E-4
0.03750000000000001;1.0374013162436313;1.038211997081825;8.106808381938002E-4
0.039062500000000014;1.0390235228192068;1.03983547133623;8.119485170232643E-4
0.040625000000000015;1.0406482660735605;1.04146148425197;8.132181784095138E-4
0.04218750000000002;1.0422755499739367;1.0430900397988043;8.14489824867648E-4
0.04375000000000002;1.0439053784926955;1.0447211419526992;8.157634600036712E-4
0.04531250000000002;1.0455377556090184;1.0463547946958383;8.170390868198485E-4
0.04687500000000002;1.0471726853084817;1.0479910020166328;8.183167081510234E-4
0.04843750000000002;1.048810171582204;1.04962976790973;8.195963275259288E-4
0.050000000000000024;1.0504502184282671;1.0512710963760241;8.208779477569816E-4
0.051562500000000025;1.0520928298504373;1.0529149914226654;8.221615722281417E-4
0.053125000000000026;1.053738009859444;1.0545614570630708;8.234472036268148E-4
0.05468750000000003;1.0553857624711327;1.056210497316932;8.247348457992576E-4
0.05625000000000003;1.0570360917090227;1.0578621162102273;8.260245012046141E-4
0.05781250000000003;1.0586890016020334;1.0595163177752305;8.273161731970902E-4
0.05937500000000003;1.0603444961851949;1.0611731060505198;8.286098653249585E-4
0.06093750000000003;1.0620025795007848;1.0628324850809898;8.299055802050148E-4
0.06250000000000003;1.063663255596623;1.0644944589178595;8.3120332123654E-4
0.06406250000000002;1.0653265285269242;1.0661590316186829;8.325030917586407E-4
0.06562500000000002;1.0669924023528665;1.0678262072473592;8.338048944926957E-4
0.06718750000000001;1.0686608811411702;1.0694959898741423;8.351087329721008E-4
0.06875;1.0703319689653767;1.0711683835756507;8.3641461027395E-4
0.0703125;1.0720056699051383;1.0728433924348775;8.377225297391266E-4
0.071875;1.0736819880469284;1.0745210205412008;8.390324942724181E-4
0.07343749999999999;1.0753609274830467;1.076201271990393;8.4034450734638E-4
0.07499999999999998;1.0770424923126143;1.0778841508846315;8.416585720172343E-4
0.07656249999999998;1.078726686641005;1.079569661332508;8.429746915030734E-4
0.07812499999999997;1.0804135145801297;1.0812578074490395;8.442928689098572E-4
0.07968749999999997;1.0821029802480098;1.082948593355677;8.456131076672868E-4
0.08124999999999996;1.0837950877693459;1.0846420231803167;8.46935410970806E-4
0.08281249999999996;1.0854898412752334;1.0863381010573092;8.482597820758109E-4
0.08437499999999995;1.087187244903589;1.088036831127471;8.495862238819818E-4
0.08593749999999994;1.088887302798156;1.0897382175380932;8.509147399371475E-4
0.08749999999999994;1.0905900191093565;1.0914422644429516;8.522453335950697E-4
0.08906249999999993;1.092295397994576;1.093148976002318;8.535780077421062E-4
0.09062499999999993;1.0940034436171686;1.09485835638297;8.549127658012967E-4
0.09218749999999992;1.0957141601468834;1.0965704097581994;8.56249611316029E-4
0.09374999999999992;1.097427551760859;1.0982851403078258;8.575885469668254E-4
0.09531249999999991;1.099143622641634;1.1000025522182033;8.589295765693006E-4
0.0968749999999999;1.1008623769792791;1.1017226496822334;8.602727029543011E-4
0.0984374999999999;1.1025838189695492;1.1034454368993734;8.616179298241988E-4
0.0999999999999999;1.1043079528154465;1.1051709180756475;8.629652602010207E-4
0.10156249999999989;1.1060347827263683;1.1068990974236574;8.643146972890925E-4
0.10312499999999988;1.1077643129178227;1.1086299791625915;8.656662447688035E-4
0.10468749999999988;1.1094965476128493;1.1103635675182366;8.670199053872896E-4
0.10624999999999987;1.111231491039888;1.1120998667229864;8.68375683098499E-4
0.10781249999999987;1.1129691474353365;1.1138388810158542;8.697335805176731E-4
0.10937499999999986;1.114709521040993;1.1155806146424807;8.71093601487738E-4
0.11093749999999986;1.116452616105903;1.1173250718551462;8.724557492432172E-4
0.11249999999999985;1.1181984368859332;1.1190722569127804;8.738200268472163E-4
0.11406249999999984;1.1199469876430612;1.1208221740809727;8.751864379115126E-4
0.11562499999999984;1.1216982726463698;1.1225748276319827;8.765549856128985E-4
0.11718749999999983;1.1234522961714788;1.1243302218447506;8.779256732718288E-4
0.11874999999999983;1.125209062500403;1.1260883610049075;8.792985045045221E-4
0.12031249999999982;1.1269685759225467;1.1278492494047865;8.806734822397466E-4
0.12187499999999982;1.128730840733141;1.129612891343432;8.820506102911185E-4
0.12343749999999981;1.1304958612350902;1.1313792911266118;8.834298915216809E-4
0.1249999999999998;1.1322636417371257;1.133148453066826;8.84811329700419E-4
0.1265624999999998;1.1340341865552261;1.1349203814833186;8.861949280924986E-4
0.1281249999999998;1.1358075000120493;1.1366950807020875;8.875806900381367E-4
0.1296874999999998;1.1375835864370742;1.1384725550558954;8.88968618821151E-4
0.13124999999999978;1.1393624501661748;1.14025280888428;8.903587181052774E-4
0.13281249999999978;1.1411440955426144;1.1420358465335654;8.917509909509569E-4
0.13437499999999977;1.1429285269157674;1.1438216723568713;8.931454411038597E-4
0.13593749999999977;1.1447157486425397;1.1456102907141252;8.94542071585569E-4
0.13749999999999976;1.1465057650859478;1.147401705972072;8.959408861242135E-4
0.13906249999999976;1.148298580616114;1.1491959225042847;8.973418881708106E-4
0.14062499999999975;1.1500941996105496;1.1509929446911762;8.987450806265951E-4
0.14218749999999974;1.151892626452451;1.1527927769200081;9.001504675572036E-4
0.14374999999999974;1.15369386553283;1.1545954235849032;9.015580520732591E-4
0.14531249999999973;1.1554979212492356;1.1564008890868551;9.029678376195616E-4
0.14687499999999973;1.157304798006038;1.1582091778337396;9.043798277015291E-4
0.14843749999999972;1.1591145002145709;1.1600202942403248;9.057940257539698E-4
0.14999999999999972;1.1609270322931309;1.1618342427282828;9.072104351519616E-4
0.1515624999999997;1.162742398666694;1.1636510277261995;9.086290595055058E-4
0.1531249999999997;1.1645606037674838;1.1654706536695862;9.100499021024167E-4
0.1546874999999997;1.1663816520342607;1.1672931250008898;9.114729666290788E-4
0.1562499999999997;1.1682055479131748;1.169118446169504;9.12898256329342E-4
0.1578124999999997;1.1700322958569132;1.1709466216317805;9.143257748673861E-4
0.15937499999999968;1.1718619003255526;1.1727776558510392;9.157555254866168E-4
0.16093749999999968;1.1736943657855647;1.1746115532975792;9.171875120144168E-4
0.16249999999999967;1.175529696710953;1.17644831844869;9.186217377370465E-4
0.16406249999999967;1.177367897582542;1.1782879557886627;9.20058206120844E-4
0.16562499999999966;1.1792089728881194;1.1801304698088004;9.214969206809975E-4
0.16718749999999966;1.1810529271222947;1.181975865007429;9.229378851343117E-4
0.16874999999999965;1.1828997647870665;1.1838241458899088;9.243811028423199E-4
0.17031249999999964;1.1847494903913969;1.1856753169686454;9.258265772484897E-4
0.17187499999999964;1.1866021084510692;1.1875293827631002;9.272743120309901E-4
0.17343749999999963;1.1884576234891142;1.189386347799802;9.287243106876897E-4
0.17499999999999963;1.1903160400356683;1.1912462166123576;9.301765766893677E-4
0.17656249999999962;1.192177362627831;1.1931089937414636;9.316311136327027E-4
0.17812499999999962;1.1940415958098072;1.1949746837349164;9.330879251092661E-4
0.1796874999999996;1.1959087441330496;1.1968432911476243;9.345470145747381E-4
0.1812499999999996;1.197778812155832;1.1987148205416178;9.360083857858914E-4
0.1828124999999996;1.1996518044441018;1.2005892764860617;9.374720419599303E-4
0.1843749999999996;1.2015277255702017;1.2024666635572652;9.389379870634595E-4
0.1859374999999996;1.2034065801142901;1.2043469863386937;9.404062244036115E-4
0.18749999999999958;1.2052883726633468;1.2062302494209802;9.418767576334641E-4
0.18906249999999958;1.2071731078114567;1.2081164574019356;9.433495904789257E-4
0.19062499999999957;1.2090607901602368;1.210005614886561;9.448247263241782E-4
0.19218749999999957;1.2109514243181252;1.211897726487058;9.463021689328777E-4
0.19374999999999956;1.2128450149009495;1.2137927968228408;9.477819218912664E-4
0.19531249999999956;1.2147415665319272;1.215690830520547;9.492639886197196E-4
0.19687499999999955;1.2166410838409547;1.2175918322140484;9.507483730937238E-4
0.19843749999999954;1.2185435714660287;1.219495806544464;9.522350784354483E-4
0.19999999999999954;1.2204490340512564;1.2214027581601692;9.537241089128123E-4
0.20156249999999953;1.2223574762492717;1.2233126917168087;9.552154675369628E-4
0.20312499999999953;1.2242689027189613;1.225225611877307;9.56709158345781E-4
0.20468749999999952;1.2261833181268855;1.2271415233118803;9.58205184994787E-4
0.20624999999999952;1.2281007271472788;1.229060430698048;9.597035507691309E-4
0.2078124999999995;1.2300211344609124;1.230982338720643;9.612042597306747E-4
0.2093749999999995;1.2319445447565158;1.2329072520718252;9.627073153093413E-4
0.2109374999999995;1.2338709627297817;1.2348351754510904;9.642127213087548E-4
0.2124999999999995;1.2358003930839345;1.236766113565284;9.657204813495746E-4
0.2140624999999995;1.2377328405295884;1.2387000711286116;9.6723059902315E-4
0.21562499999999948;1.239668309784463;1.2406370528626498;9.6874307818684E-4
0.21718749999999948;1.2416068055739515;1.242577063496359;9.702579224075691E-4
0.21874999999999947;1.243548332630695;1.2445201077660946;9.717751353994775E-4
0.22031249999999947;1.245492895694582;1.2464661904156173;9.73294721035245E-4
0.22187499999999946;1.2474404995134591;1.2484153161961071;9.748166826479832E-4
0.22343749999999946;1.2493911488418519;1.2503674898661725;9.763410243206483E-4
0.22499999999999945;1.2513448484423861;1.2523227161918637;9.778677494776122E-4
0.22656249999999944;1.2533016030843669;1.254280999946683;9.793968623161842E-4
0.22812499999999944;1.2552614175454835;1.256242345911598;9.809283661144086E-4
0.22968749999999943;1.2572242966103886;1.2582067588750516;9.82462264663031E-4
0.23124999999999943;1.2591902450711245;1.2601742436329753;9.839985618507185E-4
0.23281249999999942;1.2611592677274075;1.2621448049887993;9.855372613918334E-4
0.23437499999999942;1.2631313693864854;1.2641184477534657;9.870783669803096E-4
0.2359374999999994;1.2651065548628537;1.266095176745439;9.886218825851945E-4
0.2374999999999994;1.267084828978966;1.2680749967907186;9.901678117525403E-4
0.2390624999999994;1.2690661965646655;1.2700579127228508;9.91716158185385E-4
0.2406249999999994;1.2710506624569007;1.2720439293829398;9.932669260390714E-4
0.2421874999999994;1.2730382315010047;1.27403305161966;9.948201186553707E-4
0.24374999999999938;1.2750289085492739;1.2760252842892683;9.963757399944484E-4
0.24531249999999938;1.2770226984613942;1.2780206322556142;9.97933794220085E-4
0.24687499999999937;1.2790196061057202;1.2800191003901544;9.994942844342436E-4
0.24843749999999937;1.2810196363570014;1.2820206935719622;0.0010010572149607988
0.24999999999999936;1.2830227940982297;1.2840254166877407;0.0010026225895110041
0.25156249999999936;1.2850290842199286;1.2860332746318344;0.0010041904119058032
0.2531249999999994;1.2870385116204375;1.2880442723062413;0.0010057606858038248
0.2546874999999994;1.2890510812053435;1.2900584146206246;0.001007333415281142
0.2562499999999994;1.2910667978881918;1.292075706492325;0.001008908604133163
0.25781249999999944;1.2930856665904855;1.2940961528463726;0.0010104862558870664
0.25937499999999947;1.2951076922406912;1.2961197586154987;0.001012066374807441
0.2609374999999995;1.2971328797753756;1.2981465287401477;0.0010136489647720737
0.2624999999999995;1.2991612341393477;1.3001764681684904;0.0010152340291427198
0.26406249999999953;1.3011927602842377;1.3022095818564345;0.0010168215721968465
0.26562499999999956;1.303227463169634;1.304245874767637;0.0010184115980031994
0.2671874999999996;1.3052653477637932;1.306285351873518;0.0010200041097248036
0.2687499999999996;1.3073064190412254;1.30832801815327;0.00102159911204458
0.2703124999999996;1.309350681985535;1.3103738785938723;0.0010231966083373845
0.27187499999999964;1.311398141587432;1.3124229381901027;0.00102479660267063
0.27343749999999967;1.3134488028454427;1.3144752019445487;0.0010263990991059568
0.2749999999999997;1.3155026707664774;1.3165306748676213;0.0010280041011438978
0.2765624999999997;1.3175597503642678;1.3185893619775655;0.0010296116132977318
0.27812499999999973;1.3196200466617825;1.3206512683004745;0.0010312216386920703
0.27968749999999976;1.3216835646881009;1.3227163988702997;0.001032834182198794
0.2812499999999998;1.3237503094819658;1.3247847587288653;0.0010344492468994382
0.2828124999999998;1.325820286088657;1.3268563529258788;0.001036066837221794
0.2843749999999998;1.3278934995616964;1.328931186518944;0.0010376869572474856
0.28593749999999984;1.3299699549632749;1.331009264573574;0.0010393096102991883
0.28749999999999987;1.332049657362262;1.3330905921632026;0.001040934800940585
0.2890624999999999;1.3341326118361962;1.3351751743691966;0.0010425625330003907
0.2906249999999999;1.3362188234707162;1.3372630162808696;0.0010441928101534437
0.29218749999999993;1.3383082973585658;1.3393541229954924;0.0010458256369265673
0.29374999999999996;1.3404010386017262;1.3414484996183076;0.0010474610165813747
0.2953125;1.3424970523087154;1.34354615126254;0.0010490989538245454
0.296875;1.3445963435971464;1.3456470830494105;0.0010507394522640823
0.2984375;1.346698917592306;1.3477513001081485;0.0010523825158423872
0.30000000000000004;1.348804779427013;1.3498588075760032;0.0010540281489901382
0.30156250000000007;1.3509139342430387;1.351969610598258;0.0010556763552191928
0.3031250000000001;1.35302638718926;1.3540837143282412;0.0010573271389811012
0.3046875000000001;1.3551421434235067;1.3562011239273404;0.0010589805038336841
0.30625000000000013;1.3572612081107138;1.3583218445650134;0.0010606364542995461
0.30781250000000016;1.3593835864246273;1.3604458814188019;0.0010622949941745397
0.3093750000000002;1.361509283546809;1.3625732396743437;0.0010639561275347376
0.3109375000000002;1.363638304667063;1.364703924525386;0.0010656198583229859
0.3125000000000002;1.3657706549828674;1.3668379411737968;0.0010672861909293285
0.31406250000000024;1.3679063397003688;1.3689752948295786;0.001068955129209792
0.31562500000000027;1.370045364033814;1.3711159907108814;0.0010706266770674766
0.3171875000000003;1.3721877332052657;1.3732600340440146;0.0010723008387489852
0.3187500000000003;1.374333452444887;1.3754074300634598;0.0010739776185728633
0.32031250000000033;1.3764825269916514;1.3775581840118842;0.001075657020232823
0.32187500000000036;1.3786349620919225;1.3797123011401529;0.0010773390482303746
0.3234375000000004;1.3807907630013005;1.3818697867073424;0.0010790237060418484
0.3250000000000004;1.382949934982065;1.3840306459807519;0.0010807109986867847
0.3265625000000004;1.3851124833065853;1.3861948842359184;0.0010824009293330938
0.32812500000000044;1.3872784132537674;1.3883625067566274;0.001084093502859984
0.32968750000000047;1.3894477301118968;1.3905335188349273;0.0010857887230304453
0.3312500000000005;1.391620439177217;1.3927079257711417;0.001087486593924769
0.3328125000000005;1.3937965457539292;1.3948857328738822;0.0010891871199529835
0.33437500000000053;1.3959760551549039;1.3970669454600617;0.0010908903051578545
0.33593750000000056;1.3981589727013954;1.3992515688549076;0.0010925961535122042
0.3375000000000006;1.4003453037224745;1.401439608391974;0.0010943046694995573
0.3390625000000006;1.4025350535561643;1.4036310694131555;0.0010960158569912615
0.3406250000000006;1.404728227548162;1.4058259572686995;0.0010977297205374548
0.34218750000000064;1.4069248310534022;1.4080242773172205;0.0010994462638183045
0.34375000000000067;1.4091248694343506;1.4102260349257116;0.001101165491361078
0.3453125000000007;1.411328348062142;1.4124312354695587;0.0011028874074168193
0.3468750000000007;1.4135352723165795;1.4146398843325534;0.0011046120159738937
0.34843750000000073;1.4157456475855668;1.4168519869069058;0.0011063393213390782
0.35000000000000075;1.4179594792655337;1.4190675485932582;0.001108069327724559
0.3515625000000008;1.4201767727612946;1.4212865748006978;0.0011098020394031405
0.3531250000000008;1.4223975334863326;1.4235090709467701;0.0011115374604375727
0.3546875000000008;1.4246217668620886;1.4257350424574922;0.001113275595403529
0.35625000000000084;1.426849478319241;1.427964494767366;0.0011150164481250613
0.35781250000000087;1.4290806732961414;1.4301974333193912;0.0011167600232497854
0.3593750000000009;1.4313153572403792;1.4324338635650793;0.0011185063247001192
0.3609375000000009;1.4335535356076434;1.4346737909644662;0.001120255356822808
0.36250000000000093;1.4357952138620078;1.4369172209861256;0.0011220071241178076
0.36406250000000095;1.438040397476641;1.4391641591071829;0.0011237616305419529
0.365625000000001;1.4402890919328115;1.441414610813328;0.001125518880516374
0.367187500000001;1.4425413027203149;1.4436685815988284;0.0011272788785134935
0.368750000000001;1.4447970353378992;1.4459260769665438;0.0011290416286446892
0.37031250000000104;1.447056295292981;1.4481871024279391;0.0011308071349580562
0.37187500000000107;1.4493190881007934;1.4504516635030966;0.0011325754023032708
0.3734375000000011;1.451585419286232;1.4527197657207314;0.0011343464344992782
0.3750000000000011;1.4538552943818672;1.454991414618203;0.0011361202363358025
0.37656250000000113;1.456128718929648;1.4572666157415306;0.0011378968118826993
0.37812500000000115;1.4584056984801919;1.459545374645406;0.001139676165214043
0.3796875000000012;1.4606862385919328;1.4618276968932058;0.0011414583012729906
0.3812500000000012;1.46297034483311;1.4641135880570075;0.0011432432238975831
0.3828125000000012;1.4652580227797785;1.466403053717601;0.0011450309378224777
0.38437500000000124;1.4675492780173727;1.468696099464503;0.0011468214471304083
0.38593750000000127;1.4698441161397113;1.4709927308959714;0.0011486147562600468
0.3875000000000013;1.472142542749424;1.4732929536190174;0.0011504108695934434
0.3890625000000013;1.4744445634576664;1.47559677324942;0.0011522097917535667
0.39062500000000133;1.476750183885116;1.4779041954117405;0.001154011526624421
0.39218750000000135;1.479059409660124;1.4802152257393344;0.0011558160792104477
0.3937500000000014;1.4813722464209889;1.4825298698743672;0.0011576234533783314
0.3953125000000014;1.4836886998138255;1.4848481334678263;0.001159433654000841
0.3968750000000014;1.4860087754944118;1.4871700221795363;0.0011612466851245173
0.39843750000000144;1.4883324791269104;1.489495541678172;0.001163062551261751
0.40000000000000147;1.4906598163842943;1.4918246976412726;0.001164881256978223
0.4015625000000015;1.4929907929484898;1.4941574957552546;0.0011667028067647855
0.4031250000000015;1.4953254145106598;1.4964939417154275;0.0011685272047676776
0.40468750000000153;1.4976636867703519;1.4988340412260062;0.0011703544556542766
0.40625000000000155;1.5000056154360664;1.501177800000125;0.0011721845640586537
0.4078125000000016;1.502351206225967;1.503525223759853;0.0011740175338861292
0.4093750000000016;1.5047004648658913;1.505876318236206;0.0011758533703147833
0.4109375000000016;1.5070533970919087;1.5082310891691622;0.0011776920772534893
0.41250000000000164;1.5094100086481888;1.510589542307675;0.0011795336594861983
0.41406250000000167;1.5117703052882803;1.5129516834096879;0.0011813781214076169
0.4156250000000017;1.5141342927745427;1.515317518242148;0.0011832254676054088
0.4171875000000017;1.5165019768785726;1.5176870525810209;0.0011850757024483016
0.41875000000000173;1.518873363380635;1.5200602922113031;0.0011869288306680659
0.42031250000000175;1.5212484580703745;1.522437242927038;0.0011887848566636272
0.4218750000000018;1.523627266746388;1.5248179105313293;0.001190643784941381
0.4234375000000018;1.5260097952165097;1.527202300836355;0.0011925056198454076
0.4250000000000018;1.5283960492968163;1.5295904196633814;0.0011943703665651118
0.42656250000000184;1.5307860348139002;1.531982272842778;0.0011962380288779162
0.42812500000000187;1.533179757602312;1.5343778662140317;0.0011981086117196504
0.4296875000000019;1.5355772235058396;1.5367772056257596;0.0011999821199200067
0.4312500000000019;1.5379784383783601;1.5391802969357258;0.0012018585573656537
0.43281250000000193;1.540383408081425;1.541587146010853;0.0012037379294280726
0.43437500000000195;1.5427921384872434;1.5439977587272393;0.0012056202399959304
0.435937500000002;1.545204635476125;1.5464121409701708;0.0012075054940456909
0.437500000000002;1.5476209049379008;1.5488302986341362;0.0012093936962354057
0.439062500000002;1.5500409527719228;1.5512522376228424;0.0012112848509195917
0.44062500000000204;1.5524647848862116;1.553677963849227;0.0012131789630154266
0.44218750000000207;1.5548924071987358;1.556107483235475;0.0012150760367393154
0.4437500000000021;1.55732382563599;1.5585408017130313;0.0012169760770412985
0.4453125000000021;1.5597590461339905;1.5609779252226157;0.0012188790886251688
0.44687500000000213;1.5621980746384168;1.5634188597142382;0.0012207850758214622
0.44843750000000215;1.564640917103759;1.5658636111472128;0.0012226940434538758
0.4500000000000022;1.5670875794940287;1.5683121854901723;0.0012246059961436018
0.4515625000000022;1.5695380677823323;1.5707645887210822;0.0012265209387498643
0.4531250000000022;1.5719923879514397;1.5732208268272563;0.0012284388758165843
0.45468750000000224;1.574450545993642;1.5756809058053713;0.0012303598117293646
0.45625000000000226;1.5769125479097568;1.5781448316614803;0.001232283751723573
0.4578125000000023;1.5793783997109756;1.5806126104110287;0.00123421070005314
0.4593750000000023;1.5818481074171586;1.583084248078868;0.0012361406617094062
0.46093750000000233;1.5843216770579716;1.5855597506992711;0.0012380736412995752
0.46250000000000235;1.5867991146726013;1.588039124315947;0.0012400096433458074
0.4640625000000024;1.5892804263090454;1.590522374982055;0.0012419486730095297
0.4656250000000024;1.5917656180256756;1.59300950876022;0.0012438907345444505
0.4671875000000024;1.59425469588939;1.5955005317225472;0.0012458358331572938
0.46875000000000244;1.5967476659776025;1.5979954499506372;0.0012477839730347107
0.47031250000000246;1.5992445343759698;1.6004942695355997;0.0012497351596298945
0.4718750000000025;1.6017453071809484;1.60299699657807;0.0012516893971215026
0.4734375000000025;1.6042499904976637;1.6055036371882225;0.0012536466905588295
0.47500000000000253;1.6067585904411885;1.608014197485787;0.0012556070445983725
0.47656250000000255;1.609271113135975;1.6105286836000619;0.0012575704640869212
0.4781250000000026;1.6117875647159963;1.6130471016699306;0.001259536953934326
0.4796875000000026;1.6143079513251735;1.6155694578438762;0.0012615065187027152
0.4812500000000026;1.6168322791165224;1.6180957582799957;0.0012634791634733578
0.48281250000000264;1.6193605542532907;1.6206260091460165;0.0012654548927257814
0.48437500000000266;1.6218927829078211;1.62316021661931;0.0012674337114888523
0.4859375000000027;1.6244289712622617;1.6256983868869073;0.0012694156246455535
0.4875000000000027;1.626969125508424;1.6282405261455142;0.001271400637090192
0.48906250000000273;1.6295132518482092;1.630786640601527;0.001273388753317839
0.49062500000000275;1.6320613564926134;1.6333367364710467;0.0012753799784332998
0.4921875000000028;1.6346134456625805;1.6358908199798945;0.0012773743173140062
0.4937500000000028;1.6371695255888596;1.638448897363627;0.001279371774767446
0.4953125000000028;1.6397296025117214;1.6410109748675517;0.001281372355830257
0.49687500000000284;1.642293682681668;1.6435770587467418;0.0012833760650736714
0.49843750000000286;1.6448617723584391;1.6461471552660518;0.0012853829076127088
0.5000000000000029;1.6474338778118636;1.6487212707001329;0.0012873928882692898
0.5015625000000029;1.650010005321434;1.6512994113334476;0.0012894060120136608
0.5031250000000029;1.6525901611765903;1.653881583460286;0.00129142228369572
0.504687500000003;1.6551743516764361;1.6564677933847805;0.001293441708344334
0.506250000000003;1.6577625831303067;1.6590580474209216;0.0012954642906148894
0.507812500000003;1.6603548618567743;1.6616523518925728;0.0012974900357984875
0.509375000000003;1.6629511941847852;1.6642507131334865;0.0012995189487012837
0.510937500000003;1.6655515864530912;1.6668531374873194;0.0013015510342282433
0.5125000000000031;1.6681560450102495;1.669459631307648;0.0013035862973984624
0.5140625000000031;1.670764576214907;1.6720702009579838;0.0013056247430767165
0.5156250000000031;1.6733771864355163;1.6746848528117892;0.0013076663762729979
0.5171875000000031;1.675993882050335;1.677303593252493;0.0013097112021578372
0.5187500000000032;1.6786146694479953;1.6799264286735054;0.0013117592255100785
0.5203125000000032;1.6812395550267922;1.6825533654782348;0.0013138104514425208
0.5218750000000032;1.6838685451952529;1.6851844100801023;0.0013158648848494714
0.5234375000000032;1.6865016463718518;1.6878195689025584;0.0013179225307065057
0.5250000000000032;1.689138864984585;1.6904588483790968;0.0013199833945116701
0.5265625000000033;1.691780207472675;1.6931022549532728;0.0013220474805977211
0.5281250000000033;1.6944256802842972;1.695749795078717;0.0013241147944198506
0.5296875000000033;1.6970752898781427;1.6984014752191516;0.001326185341008923
0.5312500000000033;1.6997290427229927;1.7010573018484063;0.0013282591254135667
0.5328125000000034;1.7023869452980023;1.7037172814504344;0.0013303361524321655
0.5343750000000034;1.7050490040918476;1.706381420519328;0.0013324164274803874
0.5359375000000034;1.707715225603721;1.7090497255593338;0.0013344999556128556
0.5375000000000034;1.7103856163433306;1.7117222030848702;0.0013365867415395805
0.5390625000000034;1.7130601828297642;1.7143988596205417;0.0013386767907774821
0.5406250000000035;1.7157389315929095;1.7170797017011556;0.001340770108246181
0.5421875000000035;1.7184218691726016;1.7197647358717378;0.0013428666991361915
0.5437500000000035;1.7211090021191922;1.722453968687549;0.00134496656835692
0.5453125000000035;1.7238003369928379;1.7251474067141004;0.0013470697212625282
0.5468750000000036;1.7264958803642116;1.7278450565271695;0.0013491761629578214
0.5484375000000036;1.7291956388142182;1.7305469247128167;0.0013512858985984533
0.5500000000000036;1.7318996189342784;1.7332530178674015;0.00135339893312314
0.5515625000000036;1.7346078273256182;1.7359633425975978;0.0013555152719795238
0.5531250000000036;1.7373202706004065;1.738677905520411;0.0013576349200044024
0.5546875000000037;1.740036955380333;1.7413967132631927;0.0013597578828596912
0.5562500000000037;1.7427578882984562;1.744119772463659;0.0013618841652027758
0.5578125000000037;1.7454830759974982;1.746847089769905;0.0013640137724069135
0.5593750000000037;1.7482125251304126;1.7495786718404214;0.0013661467100087865
0.5609375000000038;1.7509462423613797;1.752314525344111;0.0013682829827312837
0.5625000000000038;1.7536842343642434;1.7550546569603052;0.0013704225960617933
0.5640625000000038;1.7564265078236474;1.7577990733787796;0.0013725655551322102
0.5656250000000038;1.7591730694347518;1.7605477812997714;0.0013747118650195844
0.5671875000000038;1.7619239259025221;1.763300787433994;0.0013768615314719845
0.5687500000000039;1.7646790839434345;1.7660580985026557;0.001379014559221181
0.5703125000000039;1.767438550283913;1.7688197212374743;0.0013811709535613836
0.5718750000000039;1.770202331660471;1.7715856623806938;0.0013833307202228973
0.5734375000000039;1.7729704348211328;1.7743559286851018;0.0013854938639690229
0.575000000000004;1.7757428665238706;1.7771305269140454;0.0013876603901747941
0.576562500000004;1.7785196335370301;1.779909463841447;0.0013898303044168614
0.578125000000004;1.781300742640184;1.7826927462518223;0.0013920036116383816
0.579687500000004;1.7840862006227098;1.7854803809402953;0.001394180317585425
0.581250000000004;1.7868760142856388;1.7882723747126166;0.0013963604269777719
0.5828125000000041;1.789670190439665;1.7910687343851786;0.0013985439455135307
0.5843750000000041;1.792468735906425;1.7938694667850323;0.0014007308786072592
0.5859375000000041;1.79527165751864;1.7966745787499052;0.001402921231265175
0.5875000000000041;1.7980789621189786;1.7994840771282161;0.0014051150092375675
0.5890625000000042;1.800890656561478;1.8022979687790934;0.001407312217615475
0.5906250000000042;1.8037067477106916;1.8051162605723914;0.0014095128616997687
0.5921875000000042;1.806527242441689;1.8079389593887065;0.0014117169470175828
0.5937500000000042;1.8093521476404817;1.8107660721193948;0.0014139244789130867
0.5953125000000042;1.8121814702037398;1.8135976056665881;0.0014161354628483558
0.5968750000000043;1.8150152170392175;1.816433566943212;0.0014183499039943648
0.5984375000000043;1.8178533950649012;1.8192739628730008;0.0014205678080996265
0.6000000000000043;1.8206960112102877;1.8221188003905169;0.0014227891802292003
0.6015625000000043;1.8235430724151058;1.8249680864411655;0.0014250140260596567
0.6031250000000044;1.826394585630311;1.8278218279812128;0.0014272423509018584
0.6046875000000044;1.8292505578175167;1.8306800319778027;0.0014294741602860483
0.6062500000000044;1.8321109959494208;1.8335427054089737;0.0014317094595528435
0.6078125000000044;1.8349759070096638;1.8364098552636763;0.0014339482540124404
0.6093750000000044;1.8378452979921178;1.839281488541789;0.0014361905496711458
0.6109375000000045;1.8407191759027342;1.842157612254137;0.0014384363514028387
0.6125000000000045;1.843597547757554;1.8450382334225082;0.0014406856649542554
0.6140625000000045;1.8464804205837027;1.8479233590796702;0.0014429384959675495
0.6156250000000045;1.8493678014196746;1.8508129962693884;0.0014451948497138378
0.6171875000000046;1.8522596973147643;1.8537071520464428;0.0014474547316785102
0.6187500000000046;1.8551561153292084;1.8566058334766447;0.0014497181474362186
0.6203125000000046;1.8580570625340442;1.859509047636854;0.0014519851028098607
0.6218750000000046;1.8609625460121038;1.862416801614998;0.00145425560289425
0.6234375000000046;1.8638725728568772;1.8653291025100869;0.0014565296532096372
0.6250000000000047;1.866787150172371;1.8682459574322312;0.0014588072598602508
0.6265625000000047;1.8697062850746704;1.8711673735026604;0.001461088427989976
0.6281250000000047;1.8726299846908034;1.8740933578537398;0.0014633731629363211
0.6296875000000047;1.8755582561580297;1.8770239176289867;0.001465661470956947
0.6312500000000048;1.8784911066261145;1.87995905998309;0.001467953356975471
0.6328125000000048;1.8814285432549127;1.8828987920819258;0.0014702488270130765
0.6343750000000048;1.8843705732160743;1.885843121102576;0.0014725478865016406
0.6359375000000048;1.8873172036923336;1.8887920542333452;0.0014748505410115964
0.6375000000000048;1.8902684418775095;1.8917455986737788;0.0014771567962692522
0.6390625000000049;1.8932242949767897;1.89470376163468;0.0014794666578903382
0.6406250000000049;1.8961847702067303;1.897666550338128;0.0014817801313977697
0.6421875000000049;1.8991498747948299;1.900633972017495;0.0014840972226650706
0.6437500000000049;1.90211961598024;1.903606033917464;0.0014864179372240383
0.645312500000005;1.905094001013481;1.9065827432940476;0.0014887422805667239
0.646875000000005;1.908073037155873;1.9095641074146037;0.0014910702587307423
0.648437500000005;1.9110567316808158;1.912550133557855;0.0014934018770391688
0.650000000000005;1.9140450918725094;1.9155408290139058;0.0014957371413963916
0.651562500000005;1.9170381250266644;1.91853620108426;0.0014980760575955543
0.6531250000000051;1.9200358384507865;1.9215362570818393;0.001500418631052769
0.6546875000000051;1.9230382394633239;1.9245410043310007;0.0015027648676768646
0.6562500000000051;1.9260453353943774;1.9275504501675544;0.001505114773177052
0.6578125000000051;1.9290571335855589;1.9305646019387819;0.0015074683532230182
0.6593750000000052;1.9320736413898487;1.9335834670034535;0.0015098256136047983
0.6609375000000052;1.935094866171596;1.9366070527318466;0.001512186560250539
0.6625000000000052;1.9381208153070872;1.939635366505764;0.0015145511986767168
0.6640625000000052;1.941151496183977;1.9426684157185514;0.0015169195345743347
0.6656250000000052;1.944186916201005;1.9457062077751155;0.0015192915741104596
0.6671875000000053;1.947227082769274;1.9487487500919425;0.0015216673226685629
0.6687500000000053;1.9502720033106868;1.9517960500971154;0.00152404678642859
0.6703125000000053;1.9533216852595103;1.9548481152303334;0.0015264299708230844
0.6718750000000053;1.9563761360608112;1.9579049529429284;0.0015288168821172565
0.6734375000000054;1.9594353631723038;1.9609665706978852;0.001531207525581335
0.6750000000000054;1.962499374062503;1.9640329759698578;0.0015336019073548535
0.6765625000000054;1.9655681762117183;1.9671041762451886;0.0015360000334703194
0.6781250000000054;1.9686417771123388;1.9701801790219267;0.001538401909587872
0.6796875000000054;1.9717201842684062;1.973260991809846;0.0015408075414398148
0.6812500000000055;1.9748034051954733;1.976346622130464;0.0015432169349907099
0.6828125000000055;1.9778914474207454;1.9794370775170589;0.0015456300963134773
0.6843750000000055;1.9809843184836495;1.9825323655146896;0.0015480470310400563
0.6859375000000055;1.9840820259349812;1.985632493680213;0.0015504677452318205
0.6875000000000056;1.987184577337473;1.9887374695823028;0.0015528922448297955
0.6890625000000056;1.990291980266079;1.9918473008014685;0.0015553205353895372
0.6906250000000056;1.9934042423066956;1.9949619949300728;0.0015577526233772065
0.6921875000000056;1.9965213710578666;1.9980815595723507;0.0015601885144840288
0.6937500000000056;1.9996433741300734;2.001206002344429;0.0015626282143554882
0.6953125000000057;2.0027702591445973;2.0043353308743423;0.0015650717297450711
0.6968750000000057;2.005902033736504;2.0074695528020556;0.0015675190655515259
0.6984375000000057;2.0090387055509495;2.010608675779479;0.0015699702285294492
0.7000000000000057;2.012180282245879;2.013752707470488;0.0015724252246092085
0.7015625000000058;2.015326771491459;2.0169016555509436;0.0015748840594844715
0.7031250000000058;2.0184781809695096;2.0200555277087084;0.0015773467391988483
0.7046875000000058;2.021634518373503;2.023214331643667;0.0015798132701640988
0.7062500000000058;2.0247957914099857;2.026378075067745;0.0015822836577594757
0.7078125000000058;2.0279620077965888;2.0295467657049273;0.0015847579083385632
0.7093750000000059;2.0311331752628803;2.0327204112912756;0.001587236028395278
0.7109375000000059;2.0343093015517866;2.0358990195749502;0.0015897180231636554
0.7125000000000059;2.0374903944173184;2.0390825983162273;0.001592203898908906
0.7140625000000059;2.0406764616251394;2.0422711552875166;0.001594693662377189
0.715625000000006;2.0438675109545557;2.045464698273383;0.0015971873188274088
0.717187500000006;2.0470635501959578;2.0486632350705642;0.0015996848746064884
0.718750000000006;2.0502645871519576;2.051866773487989;0.0016021863360315969
0.720312500000006;2.0534706296376726;2.055075321346798;0.001604691709125472
0.721875000000006;2.0566816854807257;2.0582888864803617;0.0016072009996359604
0.7234375000000061;2.0598977625201087;2.0615074767342993;0.0016097142141906495
0.7250000000000061;2.063118868607887;2.064731099966499;0.001612231358611993
0.7265625000000061;2.0663450116077797;2.0679597640471363;0.0016147524393566037
0.7281250000000061;2.069576199396579;2.0711934768586935;0.0016172774621145969
0.7296875000000062;2.07281243986273;2.074432246295979;0.0016198064332488826
0.7312500000000062;2.0760537409069;2.077676080266146;0.001622339359245828
0.7328125000000062;2.07930011044283;2.080924986688713;0.0016248762458830335
0.7343750000000062;2.082551556395913;2.0841789734955816;0.0016274170996686266
0.7359375000000062;2.085808086704617;2.0874380486310575;0.001629961926440604
0.7375000000000063;2.0890697093190624;2.0907022200518686;0.001632510732806125
0.7390625000000063;2.0923364322027282;2.0939714957271853;0.001635063524457081
0.7406250000000063;2.095608263330462;2.097245883638639;0.0016376203081773788
0.7421875000000063;2.0988852106901845;2.1005253917803426;0.001640181090158066
0.7437500000000064;2.1021672822826076;2.103810028158909;0.0016427458763015323
0.7453125000000064;2.1054544861203794;2.1070998007934723;0.0016453146730928125
0.7468750000000064;2.1087468302292223;2.1103947177157054;0.001647887486483146
0.7484375000000064;2.112044322646227;2.11369478696984;0.0016504643236130434
0.7500000000000064;2.115346971422696;2.117000016612688;0.0016530451899923193
0.7515625000000065;2.1186547846218673;2.1203104147136598;0.0016556300917924816
0.7531250000000065;2.1219677703189177;2.123625989354783;0.0016582190358653826
0.7546875000000065;2.125285936602097;2.126946748630724;0.0016608120286267791
0.7562500000000065;2.128609291573298;2.130272700648807;0.0016634090755092146
0.7578125000000066;2.131937843345213;2.133603853529034;0.001666010183821065
0.7593750000000066;2.1352716000444616;2.1369402154041035;0.0016686153596419118
0.7609375000000066;2.1386105698101687;2.140281794419432;0.0016712246092631666
0.7625000000000066;2.1419547607945333;2.1436285987331734;0.001673837938640066
0.7640625000000066;2.1453041811616913;2.1469806365162385;0.0016764553545471905
0.7656250000000067;2.1486588390885686;2.1503379159523144;0.0016790768637457987
0.7671875000000067;2.1520187427657334;2.153700445237886;0.001681702472152491
0.7687500000000067;2.1553839003962594;2.157068232582255;0.0016843321859956184
0.7703125000000067;2.1587543201951576;2.16044128620756;0.0016869660124023689
0.7718750000000068;2.1621300103916496;2.163819614348797;0.0016896039571472343
0.7734375000000068;2.1655109792271787;2.1672032252538393;0.0016922460266606265
0.7750000000000068;2.168897234955409;2.170592127183457;0.0016948922280479728
0.7765625000000068;2.1722887858442164;2.1739863284113388;0.001697542567122401
0.7781250000000068;2.1756856401734126;2.1773858372241097;0.0017001970506971276
0.7796875000000069;2.1790878062361685;2.1807906619213537;0.001702855685185245
0.7812500000000069;2.1824952923387286;2.184200810815633;0.0017055184769043663
0.7828125000000069;2.185908106799843;2.1876162922325078;0.0017081854326645995
0.7843750000000069;2.189326257952189;2.191037114510558;0.0017108565583692226
0.785937500000007;2.192749754139811;2.1944632860014015;0.0017135318615904005
0.787500000000007;2.196178603722103;2.1978948150697173;0.0017162113476141272
0.789062500000007;2.199612815068974;2.2013317100932626;0.0017188950242883472
0.790625000000007;2.2030523965659654;2.204773979462897;0.0017215828969314728
0.792187500000007;2.2064973566099866;2.2082216315826;0.0017242749726134043
0.7937500000000071;2.2099477036110216;2.211674674869492;0.0017269712584706554
0.7953125000000071;2.213403445993549;2.215133117753857;0.001729671760307916
0.7968750000000071;2.21686459219427;2.2185969686791607;0.0017323764848908851
0.7984375000000071;2.2203311506632417;2.222066236102072;0.001735085438830275
0.8000000000000071;2.223803129863313;2.2255409284924834;0.0017377986291702285
0.8015625000000072;2.2272805382718275;2.229021054333533;0.0017405160617056659
0.8031250000000072;2.2307633843774965;2.232506622121623;0.0017432377441264357
0.8046875000000072;2.23425167668438;2.2359976403664423;0.001745963682062257
0.8062500000000072;2.237745423708475;2.239494117590987;0.0017486938825119758
0.8078125000000073;2.2412446339788517;2.2429960623315788;0.0017514283527271246
0.8093750000000073;2.2447493160393606;2.2465034831378903;0.001754167098529713
0.8109375000000073;2.248259478446073;2.2500163885729623;0.0017569101268892773
0.8125000000000073;2.2517751297681343;2.253534787213225;0.0017596574450906566
0.8140625000000073;2.2552962785897535;2.2570586876485215;0.0017624090587680108
0.8156250000000074;2.258822933506792;2.260588098482126;0.001765164975333633
0.8171875000000074;2.262355103129039;2.264123028330765;0.0017679252017259728
0.8187500000000074;2.2658927960807773;2.267663485824641;0.0017706897438638514
0.8203125000000074;2.269436020998228;2.271209479607451;0.0017734586092230664
0.8218750000000075;2.272984786531822;2.274761018336407;0.0017762318045848602
0.8234375000000075;2.2765391013464864;2.2783181106822608;0.0017790093357743508
0.8250000000000075;2.2800989741185163;2.281880765329321;0.001781791210804684
0.8265625000000075;2.2836644135395545;2.2854489909754765;0.0017845774359219746
0.8281250000000075;2.2872354283148866;2.2890227963322185;0.001787368017331925
0.8296875000000076;2.2908120271614507;2.2926021901246583;0.0017901629632075533
0.8312500000000076;2.2943942188123856;2.2961871810915526;0.0017929622791670319
0.8328125000000076;2.297982012013051;2.299777777985323;0.0017957659722718233
0.8343750000000076;2.3015754155218815;2.303373989572076;0.001798574050194457
0.8359375000000077;2.3051744381129424;2.3069758246316274;0.0018013865186849998
0.8375000000000077;2.3087790885725212;2.310583291957522;0.0018042033850007577
0.8390625000000077;2.3123893757002634;2.3141964003570537;0.0018070246567902792
0.8406250000000077;2.3160053083117305;2.3178151586512907;0.0018098503395602705
0.8421875000000077;2.319626895234137;2.321439575675094;0.0018126804409570596
0.8437500000000078;2.3232541453089084;2.3250696602771392;0.001815514968230847
0.8453125000000078;2.3268870673922493;2.3287054213199396;0.0018183539276903637
0.8468750000000078;2.330525670353154;2.3323468676798664;0.001821197326712376
0.8484375000000078;2.3341699630753965;2.3359940082471717;0.001824045171775257
0.8500000000000079;2.3378199544561085;2.3396468519260094;0.0018268974699009455
0.8515625000000079;2.34147565340578;2.343305407634456;0.0018297542286758173
0.8531250000000079;2.3451370688502493;2.3469696843045345;0.001832615454285147
0.8546875000000079;2.3488042097278594;2.3506396908822342;0.0018354811543748184
0.856250000000008;2.3524770849923016;2.3543154363275347;0.0018383513352331349
0.857812500000008;2.3561557036100567;2.3579969296144254;0.0018412260043687567
0.859375000000008;2.3598400745618164;2.3616841797309283;0.0018441051691118204
0.860937500000008;2.3635302068436204;2.3653771956791214;0.001846988835501051
0.862500000000008;2.3672261094640135;2.369075986475159;0.0018498770111454732
0.8640625000000081;2.3709277914457516;2.372780561149293;0.0018527697035413127
0.8656250000000081;2.3746352618269384;2.3764909287458975;0.001855666918959109
0.8671875000000081;2.378348529658467;2.380207098323489;0.0018585686650216537
0.8687500000000081;2.382067604006295;2.3839290789547487;0.0018614749484537896
0.8703125000000081;2.385792493950021;2.3876568797265456;0.0018643857765248129
0.8718750000000082;2.389523208583455;2.3913905097399573;0.0018673011565022435
0.8734375000000082;2.393259757015187;2.3951299781102935;0.0018702210951064835
0.8750000000000082;2.3970021483674486;2.3988752939671176;0.0018731455996690016
0.8765625000000082;2.400750391776967;2.402626466454269;0.0018760746773023307
0.8781250000000083;2.404504496394395;2.4063835047298854;0.001879008335490262
0.8796875000000083;2.4082644713854506;2.410146417966425;0.001881946580974514
0.8812500000000083;2.412030325929777;2.4139152153506904;0.0018848894209133604
0.8828125000000083;2.415802069221229;2.4176899060838486;0.0018878368626196185
0.8843750000000083;2.419579710467872;2.4214704993814546;0.0018907889135828526
0.8859375000000084;2.4233632588931187;2.425257004473475;0.0018937455803564873
0.8875000000000084;2.4271527237334567;2.4290494306043087;0.0018967068708519719
0.8890625000000084;2.4309481142407208;2.43284778703281;0.0018996727920890244
0.8906250000000084;2.4347494396818092;2.4366520830323126;0.0019026433505033857
0.8921875000000085;2.438556709335842;2.44046232789065;0.0019056185548080862
0.8937500000000085;2.442369932498991;2.4442785309101795;0.0019085984111884002
0.8953125000000085;2.446189118480504;2.4481007014078053;0.001911582927301314
0.8968750000000085;2.450014276604975;2.4519288487150006;0.0019145721100257695
0.8984375000000085;2.4538454162103562;2.4557629821778293;0.001917565967473056
0.9000000000000086;2.457682546650517;2.4596031111569707;0.0019205645064537258
0.9015625000000086;2.461525677293821;2.4634492450277423;0.0019235677339213275
0.9031250000000086;2.4653748175219903;2.4673013931801204;0.0019265756581301474
0.9046875000000086;2.4692299767335157;2.4711595650187665;0.001929588285250805
0.9062500000000087;2.473091164339394;2.475023769963047;0.0019326056236530498
0.9078125000000087;2.476958389766537;2.478894017447057;0.0019356276805200245
0.9093750000000087;2.4808316624569215;2.482770316919646;0.001938654462724454
0.9109375000000087;2.48471099186645;2.4866526778444373;0.001941685977987273
0.9125000000000087;2.4885963874658046;2.4905411096998527;0.0019447222340480685
0.9140625000000088;2.4924878587415833;2.4944356219791364;0.0019477632375530796
0.9156250000000088;2.496385415194027;2.498336224190377;0.0019508089963502506
0.9171875000000088;2.500289066338439;2.502242925856531;0.001953859518091683
0.9187500000000088;2.5041988217054723;2.5061557365154457;0.001956914809973398
0.9203125000000089;2.508114690840273;2.5100746657198836;0.0019599748796106375
0.9218750000000089;2.51203668330362;2.5139997230375455;0.00196303973392542
0.9234375000000089;2.515964808670219;2.5179309180510927;0.001966109380873604
0.9250000000000089;2.519899076529839;2.5218682603581706;0.0019691838283315555
0.926562500000009;2.523839496488449;2.525811759571434;0.0019722630829845933
0.928125000000009;2.5277860781656614;2.5297614253185676;0.0019753471529062594
0.929687500000009;2.5317388311967193;2.5337172672423125;0.0019784360455932237
0.931250000000009;2.5356977652324986;2.5376792950004883;0.0019815297679897093
0.932812500000009;2.5396628899375173;2.5416475182660156;0.001984628328498328
0.9343750000000091;2.543634214992778;2.545621946726942;0.001987731734163667
0.9359375000000091;2.547611750094063;2.549602590086464;0.0019908399924006837
0.9375000000000091;2.551595504951081;2.55358945806295;0.001993953111869118
0.9390625000000091;2.5555854892914454;2.557582560389968;0.0019970710985224294
0.9406250000000091;2.5595817128549925;2.5615819068163037;0.0020001939613112363
0.9421875000000092;2.5635841853986108;2.565587507105989;0.0020033217073782694
0.9437500000000092;2.5675929166942524;2.569599371038324;0.002006454344071429
0.9453125000000092;2.5716079165280803;2.573617508407899;0.0020095918798186396
0.9468750000000092;2.5756291947033105;2.577641929024623;0.002012734321312326
0.9484375000000093;2.5796567610365173;2.5816726427137424;0.0020158816772251065
0.9500000000000093;2.5836906253618963;2.5857096593158704;0.00201903395397407
0.9515625000000093;2.5877307975261488;2.589752988687005;0.0020221911608562237
0.9531250000000093;2.59177728739445;2.593802640698559;0.002025353304108801
0.9546875000000093;2.5958301048450494;2.597858625237379;0.0020285203923298134
0.9562500000000094;2.599889259772681;2.601920952205774;0.002031692433093202
0.9578125000000094;2.6039547620879944;2.6059896315215365;0.0020348694335421413
0.9593750000000094;2.6080266217152825;2.6100646731179666;0.0020380514026840935
0.9609375000000094;2.6121048485970277;2.6141460869438995;0.0020412383468717543
0.9625000000000095;2.6161894526887863;2.6182338829637257;0.0020444302749393906
0.9640625000000095;2.6202804439631677;2.622328071157418;0.0020476271942504454
0.9656250000000095;2.624377832407845;2.6264286615205554;0.002050829112710595
0.9671875000000095;2.628481628026691;2.630535664064347;0.002054036037656193
0.9687500000000095;2.63259184083779;2.634649088815656;0.0020572479778659947
0.9703125000000096;2.636708480876848;2.6387689458170263;0.002060464940178086
0.9718750000000096;2.640831558193213;2.642895245126703;0.0020636869334902386
0.9734375000000096;2.644961082854138;2.6470279968186627;0.0020669139645246304
0.9750000000000096;2.64909706494052;2.6511672109826323;0.0020701460421124196
0.9765625000000097;2.6532395145503074;2.655312897724117;0.002073383173809784
0.9781250000000097;2.657388441797366;2.6594650671644255;0.002076625367059659
0.9796875000000097;2.661543856810056;2.6636237294406913;0.002079872630635471
0.9812500000000097;2.665705769734359;2.667788894705901;0.002083124971542283
0.9828125000000097;2.6698741907301837;2.671960573128917;0.0020863823987333774
0.9843750000000098;2.67404912997506;2.676138774894503;0.002089644919442968
0.9859375000000098;2.6782305976615817;2.6803235102033494;0.0020929125417676886
0.9875000000000098;2.682418603998258;2.6845147892720966;0.002096185273838813
0.9890625000000098;2.6866131592097986;2.688712622333362;0.00209946312356335
0.9906250000000099;2.6908142735371143;2.6929170196357637;0.002102746098649355
0.9921875000000099;2.695021957236463;2.6971279914439457;0.0021060342074825655
0.9937500000000099;2.6992362205803033;2.7013455480386024;0.0021093274582990595
0.9953125000000099;2.7034570738578623;2.7055696997165053;0.0021126258586430247
0.99687500000001;2.707684527373715;2.7098004567905267;0.0021159294168118237
0.99843750000001;2.711918591448921;2.7140378295896657;0.0021192381407448835
1.00000000000001;2.7161592764201714;2.718281828459072;0.0021225520389007713
