-1.0 0.1353352832366127
-0.98 0.1353352832366126
-0.96 0.13533528323661248
-0.94 0.1353352832366124
-0.92 0.13533528323661242
-0.9 0.13533528323661245
-0.88 0.1353352832366124
-0.86 0.13533528323661242
-0.84 0.1353352832366126
-0.8200000000000001 0.1353352832366125
-0.8 0.1353352832366125
-0.78 0.13533528323661256
-0.76 0.1353352832366125
-0.74 0.13533528323661254
-0.72 0.13533528323661245
-0.7 0.13533528323661248
-0.6799999999999999 0.13533528323661267
-0.6599999999999999 0.1353352832366126
-0.64 0.1353352832366124
-0.62 0.13533528323661242
-0.6 0.1353352832366126
-0.5800000000000001 0.13533528323661254
-0.56 0.13533528323661242
-0.54 0.13533528323661242
-0.52 0.13533528323661242
-0.5 0.13533528323661242
-0.48 0.13533528323661242
-0.45999999999999996 0.13533528323661242
-0.43999999999999995 0.13533528323661242
-0.42000000000000004 0.13533528323661242
-0.4 0.13533528323661265
-0.38 0.1353352832366144
-0.36 0.1353352832366266
-0.33999999999999997 0.13533528323671154
-0.31999999999999995 0.13533528323728558
-0.29999999999999993 0.13533528324103536
-0.28 0.1353352832646915
-0.26 0.13533528340848874
-0.24 0.13533528424863442
-0.21999999999999997 0.13533528895366242
-0.19999999999999996 0.13533531413302619
-0.17999999999999994 0.13533544245755472
-0.16000000000000003 0.1353360628574709
-0.14 0.13533889564720702
-0.12 0.13535105022288918
-0.09999999999999998 0.13539976975886303
-0.07999999999999996 0.13558095459485198
-0.05999999999999994 0.13620103530042005
-0.040000000000000036 0.1381346987265335
-0.020000000000000018 0.14356183511948697
0.0 0.1570554717038893
0.020000000000000018 0.18614427101451048
0.040000000000000036 0.2388334052277407
0.06000000000000005 0.3149592995721552
0.08000000000000007 0.39371420162379916
0.10000000000000009 0.43349066079489185
0.1200000000000001 0.405218457164942
0.14000000000000012 0.34199691018702216
0.15999999999999992 0.32552623796228985
0.17999999999999994 0.3761643550043896
0.19999999999999996 0.40331217731987684
0.21999999999999997 0.3590323444812987
0.24 0.3406858886595278
0.26 0.38522534927581903
0.28 0.3815615819868048
0.30000000000000004 0.3448521518812114
0.32000000000000006 0.37375066080647223
0.3400000000000001 0.38200606161144124
0.3600000000000001 0.3496177578184686
0.3800000000000001 0.37497562009264696
0.40000000000000013 0.37522331710889484
0.41999999999999993 0.3532833314208231
0.43999999999999995 0.37992100349748553
0.45999999999999996 0.3643807041702534
0.48 0.3625659952480752
0.5 0.3782490599510783
0.52 0.3573293504295653
0.54 0.3748911837111314
0.56 0.3660063232264442
0.5800000000000001 0.36496926488984865
0.6000000000000001 0.37400833490661384
0.6200000000000001 0.3604763842581849
0.6400000000000001 0.3748497701870292
0.6600000000000001 0.3624942068043067
0.6799999999999999 0.3711406485220403
0.7 0.36677101903093107
0.72 0.3671454808896481
0.74 0.3699773782698159
0.76 0.3649289508047339
0.78 0.3712254483537587
0.8 0.36449677651337303
0.8200000000000001 0.37104917123350933
0.8400000000000001 0.36507244827348345
0.8600000000000001 0.37025391509775357
0.8800000000000001 0.3659499889852023
0.9000000000000001 0.36938736180030235
0.9199999999999999 0.3667512512431982
0.94 0.36867454114203435
0.96 0.3673754848466393
0.98 0.36812324710258476
1.0 0.36787944117144233
