-1.0 0.1353352832366127
-0.98 0.1770730559252184
-0.96 0.22657897206851443
-0.94 0.2871050645135313
-0.92 0.35313115177441445
-0.9 0.4087463587314962
-0.88 0.4330001849312003
-0.86 0.4141802343076798
-0.84 0.36570426132595485
-0.8200000000000001 0.326128396420531
-0.8 0.330945253791451
-0.78 0.3739021627324179
-0.76 0.40471742699439256
-0.74 0.38508553853323857
-0.72 0.34378627595790434
-0.7 0.34272756928189624
-0.6799999999999999 0.38186155498833535
-0.6599999999999999 0.393415504020887
-0.64 0.35809909395308576
-0.62 0.34460242164718985
-0.6 0.3783665083727716
-0.5800000000000001 0.38735042690347554
-0.56 0.3537179083638005
-0.54 0.3546917869612888
-0.52 0.38594731970055685
-0.5 0.37144400187730003
-0.48 0.3495224023425512
-0.45999999999999996 0.3757016036514106
-0.43999999999999995 0.3793906233266868
-0.42000000000000004 0.3523787356211476
-0.4 0.3695516820632142
-0.38 0.3806146081851865
-0.36 0.35498388180033336
-0.33999999999999997 0.36841181593934624
-0.31999999999999995 0.3791285183335245
-0.29999999999999993 0.35573991418513623
-0.28 0.3707007673115107
-0.26 0.37581460322687343
-0.24 0.3560988266626267
-0.21999999999999997 0.37472282332028395
-0.19999999999999996 0.37022070910496396
-0.17999999999999994 0.35865439585588665
-0.16000000000000003 0.3777162631891444
-0.14 0.363244974922512
-0.12 0.3651741628473676
-0.09999999999999998 0.37587061907846997
-0.07999999999999996 0.3590641764164248
-0.05999999999999994 0.3732459962341548
-0.040000000000000036 0.36809625834351295
-0.020000000000000018 0.36264915604946596
0.0 0.3755634637133263
0.020000000000000018 0.3609202893782969
0.040000000000000036 0.3716287090669244
0.06000000000000005 0.3683621308983123
0.08000000000000007 0.36369208230684236
0.10000000000000009 0.37414523061271415
0.1200000000000001 0.361560697293871
0.14000000000000012 0.3724904988735684
0.15999999999999992 0.36603334582690744
0.17999999999999994 0.3667534329370565
0.19999999999999996 0.3714425129461593
0.21999999999999997 0.3628896732501871
0.24 0.3731271415178351
0.26 0.3634226317051163
0.28 0.3708036220316353
0.30000000000000004 0.36684220792890065
0.32000000000000006 0.36704907283000904
0.3400000000000001 0.37026350480297354
0.3600000000000001 0.36443883811356226
0.3800000000000001 0.3718105430981451
0.40000000000000013 0.3639959943895011
0.41999999999999993 0.3712731147038577
0.43999999999999995 0.3652847168662918
0.45999999999999996 0.3695080364390243
0.48 0.36725419664636116
0.5 0.36756878549383876
0.52 0.3689851168399725
0.54 0.3661616503579628
0.56 0.3700120404723503
0.5800000000000001 0.36552206550465827
0.6000000000000001 0.3702938657793228
0.6200000000000001 0.3655446576709605
0.6400000000000001 0.37003235052291955
0.6600000000000001 0.365976803535782
0.6799999999999999 0.36949388377548326
0.7 0.36656557847932775
0.72 0.36890030892206827
0.74 0.3671295233533121
0.76 0.3683899173717547
0.78 0.3675716657655802
0.8 0.368023120856126
0.8200000000000001 0.3678619077913818
0.8400000000000001 0.36780636575893316
0.8600000000000001 0.36801111504885836
0.8800000000000001 0.3677170411300211
0.9000000000000001 0.3680490734113512
0.9199999999999999 0.36772170138823684
0.94 0.3680103780794992
0.96 0.3677862208952379
0.98 0.3679278117316974
1.0 0.36787944117144233
