-1.0 0.1353352832366127
-0.98 0.13533528323661267
-0.96 0.13533528323661276
-0.94 0.13533528323661342
-0.92 0.13533528323661848
-0.9 0.13533528323664773
-0.88 0.13533528323681512
-0.86 0.13533528323773997
-0.84 0.13533528324270414
-0.8200000000000001 0.13533528326852376
-0.8 0.13533528339847056
-0.78 0.13533528403021655
-0.76 0.1353352869914603
-0.74 0.13533530034749655
-0.72 0.13533535818159725
-0.7 0.13533559802372658
-0.6799999999999999 0.1353365480130391
-0.6599999999999999 0.1353401309933201
-0.64 0.13535295492130286
-0.62 0.13539634304476403
-0.6 0.13553450044165408
-0.5800000000000001 0.13594641473170577
-0.56 0.13708942971192556
-0.54 0.14002010870230008
-0.52 0.1469016857618871
-0.5 0.16153298842051583
-0.48 0.18927725361671907
-0.45999999999999996 0.2351933164995563
-0.43999999999999995 0.29928747375883663
-0.42000000000000004 0.37008967130934445
-0.4 0.42260936076594946
-0.38 0.42977343071970947
-0.36 0.3880242647222275
-0.33999999999999997 0.33508698020908473
-0.31999999999999995 0.32557604620919106
-0.29999999999999993 0.3687632766768713
-0.28 0.40461122400084293
-0.26 0.38066056466189896
-0.24 0.33903174529542607
-0.21999999999999997 0.353460203674499
-0.19999999999999996 0.3932124503726155
-0.17999999999999994 0.37743040691157687
-0.16000000000000003 0.3434165218114291
-0.14 0.3676813630782057
-0.12 0.38951005512071385
-0.09999999999999998 0.35667353150324965
-0.07999999999999996 0.355665759275547
-0.05999999999999994 0.3862678248576096
-0.040000000000000036 0.36447174706737256
-0.020000000000000018 0.3544953066315223
0.0 0.38310509269626175
0.020000000000000018 0.36487448815652745
0.040000000000000036 0.35750050029537805
0.06000000000000005 0.3818656291033042
0.08000000000000007 0.3610967330465629
0.10000000000000009 0.3635554919666995
0.1200000000000001 0.3792505743036414
0.14000000000000012 0.3571566306314792
0.15999999999999992 0.3719453457455116
0.17999999999999994 0.3718770237539115
0.19999999999999996 0.35869944974324713
0.21999999999999997 0.3774254864033115
0.24 0.362114121331747
0.26 0.36798075578885003
0.28 0.3728364752116322
0.30000000000000004 0.36016412279518073
0.32000000000000006 0.37554336873456656
0.3400000000000001 0.3625608356302982
0.3600000000000001 0.3696462537863557
0.3800000000000001 0.3696997969695165
0.40000000000000013 0.36333746012416784
0.41999999999999993 0.3738077730090358
0.43999999999999995 0.3619464211336045
0.45999999999999996 0.37269963138536033
0.48 0.36486489488056995
0.5 0.3688443859469597
0.52 0.3688308043662443
0.54 0.3654020199007379
0.56 0.3713646921643098
0.5800000000000001 0.36392179536115454
0.6000000000000001 0.37183609642802756
0.6200000000000001 0.36428983636359036
0.6400000000000001 0.37085906611014985
0.6600000000000001 0.36563542530977905
0.6799999999999999 0.3693604677780723
0.7 0.36711550172006346
0.72 0.36802002442940507
0.74 0.3682431534509345
0.76 0.36713800407806707
0.78 0.36887721602653634
0.8 0.36673358402771933
0.8200000000000001 0.36908227938553007
0.8400000000000001 0.36669249670986487
0.8600000000000001 0.3689949075860943
0.8800000000000001 0.3668758822232472
0.9000000000000001 0.36874311649253033
0.9199999999999999 0.36717398011970104
0.94 0.3684153979443483
0.96 0.3675194491494722
0.98 0.3680601270096729
1.0 0.36787944117144233
