-1.0 0.1353352832366127
-0.98 0.1353352832366127
-0.96 0.1353352832366127
-0.94 0.1353352832366127
-0.92 0.1353352832366127
-0.9 0.1353352832366127
-0.88 0.1353352832366127
-0.86 0.1353352832366127
-0.84 0.1353352832366127
-0.8200000000000001 0.1353352832366127
-0.8 0.1353352832366127
-0.78 0.1353352832366127
-0.76 0.1353352832366127
-0.74 0.1353352832366127
-0.72 0.1353352832366127
-0.7 0.1353352832366127
-0.6799999999999999 0.1353352832366127
-0.6599999999999999 0.1353352832366127
-0.64 0.1353352832366127
-0.62 0.1353352832366127
-0.6 0.1353352832366127
-0.5800000000000001 0.1353352832366127
-0.56 0.1353352832366127
-0.54 0.1353352832366127
-0.52 0.1353352832366127
-0.5 0.1353352832366127
-0.48 0.1353352832366127
-0.45999999999999996 0.1353352832366127
-0.43999999999999995 0.1353352832366127
-0.42000000000000004 0.1353352832366127
-0.4 0.1353352832366127
-0.38 0.1353352832366127
-0.36 0.1353352832366127
-0.33999999999999997 0.1353352832366127
-0.31999999999999995 0.1353352832366127
-0.29999999999999993 0.1353352832366127
-0.28 0.1353352832366127
-0.26 0.1353352832366127
-0.24 0.1353352832366127
-0.21999999999999997 0.1353352832366127
-0.19999999999999996 0.1353352832366127
-0.17999999999999994 0.1353352832366127
-0.16000000000000003 0.1353352832366127
-0.14 0.1353352832366127
-0.12 0.1353352832366127
-0.09999999999999998 0.1353352832366127
-0.07999999999999996 0.1353352832366127
-0.05999999999999994 0.1353352832366127
-0.040000000000000036 0.1353352832366127
-0.020000000000000018 0.1353352832366127
0.0 0.1353352832366127
0.020000000000000018 0.1353352832366127
0.040000000000000036 0.1353352832366127
0.06000000000000005 0.1353352832366127
0.08000000000000007 0.1353352832366127
0.10000000000000009 0.1353352832366127
0.1200000000000001 0.1353352832366127
0.14000000000000012 0.1353352832366127
0.15999999999999992 0.1353352832366127
0.17999999999999994 0.1353352832366127
0.19999999999999996 0.1353352832366127
0.21999999999999997 0.1353352832366127
0.24 0.1353352832366127
0.26 0.1353352832366127
0.28 0.1353352832366127
0.30000000000000004 0.1353352832366127
0.32000000000000006 0.1353352832366127
0.3400000000000001 0.1353352832366127
0.3600000000000001 0.1353352832366127
0.3800000000000001 0.1353352832366127
0.40000000000000013 0.1353352832366127
0.41999999999999993 0.1353352832366127
0.43999999999999995 0.1353352832366127
0.45999999999999996 0.1353352832366127
0.48 0.1353352832366127
0.5 0.1353352832366127
0.52 0.1353352832366127
0.54 0.1353352832366127
0.56 0.1353352832366127
0.5800000000000001 0.1353352832366127
0.6000000000000001 0.1353352832366127
0.6200000000000001 0.1353352832366127
0.6400000000000001 0.1353352832366127
0.6600000000000001 0.1353352832366127
0.6799999999999999 0.1353352832366127
0.7 0.1353352832366127
0.72 0.1353352832366127
0.74 0.1353352832366127
0.76 0.1353352832366127
0.78 0.1353352832366127
0.8 0.1353352832366127
0.8200000000000001 0.1353352832366127
0.8400000000000001 0.1353352832366127
0.8600000000000001 0.1353352832366127
0.8800000000000001 0.1353352832366127
0.9000000000000001 0.1353352832366127
0.9199999999999999 0.1353352832366127
0.94 0.1353352832366127
0.96 0.1353352832366127
0.98 0.1353352832366127
1.0 0.1353352832366127
