0.0 0.0
0.025 4.930380657631325E-34
0.05 2.662405555120916E-32
0.07500000000000001 7.255055137704492E-31
0.1 1.3301427457190665E-29
0.125 1.845772740101839E-28
0.15000000000000002 2.0677010680451615E-27
0.17500000000000002 1.9477515749848303E-26
0.2 1.586820439370056E-25
0.225 1.1413075767170617E-24
0.25 7.361647545184092E-24
0.275 4.311386706124391E-23
0.30000000000000004 2.3156373343641896E-22
0.325 1.1500507809434708E-21
0.35000000000000003 5.318143951459939E-21
0.375 2.3033211963963593E-20
0.4 9.390726044379872E-20
0.42500000000000004 3.619980129737603E-19
0.45 1.3245034951247196E-18
0.47500000000000003 4.615547884272939E-18
0.5 1.5365168071624397E-17
0.525 4.899800382525707E-17
0.55 1.5004178881528284E-16
0.5750000000000001 4.4218467212534586E-16
0.6000000000000001 1.2566957834751193E-15
0.625 3.450586108009917E-15
0.65 9.169089459072432E-15
0.675 2.3615962659744604E-14
0.7000000000000001 5.904110406944721E-14
0.7250000000000001 1.4346615618535523E-13
0.75 3.392547179398474E-13
0.775 7.815949779863381E-13
0.8 1.7562303273956391E-12
0.8250000000000001 3.852646033391471E-12
0.8500000000000001 8.258881634532407E-12
0.875 1.7316073868566226E-11
0.9 3.5538772982015514E-11
0.925 7.14526185948451E-11
0.9500000000000001 1.408365559496456E-10
0.9750000000000001 2.723299638551491E-10
1.0 5.169438268850886E-10
1.0250000000000001 9.638942316012328E-10
1.05 1.7664849979792501E-9
1.075 3.1836752813834447E-9
1.1 5.645698618074885E-9
1.125 9.855930230164595E-9
1.1500000000000001 1.6946469284669363E-8
1.175 2.8712014795522158E-8
1.2000000000000002 4.7956028729006634E-8
1.225 7.89954044722674E-8
1.25 1.283854245761537E-7
1.2750000000000001 2.059462220717181E-7
1.3 3.2619572573484714E-7
1.3250000000000002 5.103225335385894E-7
1.35 7.888655060021468E-7
1.375 1.2053050362678456E-6
1.4000000000000001 1.8208135395152343E-6
1.425 2.720458905603373E-6
1.4500000000000002 4.021203194805658E-6
1.475 5.882087921263962E-6
1.5 8.517044508918047E-6
1.5250000000000001 1.2210811032348617E-5
1.55 1.733847080397265E-5
1.5750000000000002 2.4389150998527467E-5
1.6 3.39944263539195E-5
1.625 4.6961960072578905E-5
1.6500000000000001 6.431487761014557E-5
1.675 8.73373058140043E-5
1.7000000000000002 1.1762641737990726E-4
1.725 1.5715119741204433E-4
1.75 2.083179949034395E-4
1.7750000000000001 2.740427386338749E-4
1.8 3.5782948741871026E-4
1.8250000000000002 4.6385475366807964E-4
1.85 5.970567933471555E-4
1.875 7.632288027067686E-4
1.9000000000000001 9.691147118871381E-4
1.925 0.001222506027896025
1.9500000000000002 0.0015323379651918704
1.975 0.0019087829217735155
2.0 0.002363339222303351
2.025 0.0029089129662378138
2.0500000000000003 0.003559890795416085
2.075 0.004332201437163316
2.1 0.00524336398833225
2.125 0.0063125210827684524
2.15 0.007560455326568506
2.1750000000000003 0.009009587686577648
2.2 0.010683956869642401
2.225 0.012609179122746098
2.25 0.014812388305052894
2.275 0.01732215651853511
2.3000000000000003 0.020168396020041803
2.325 0.023382243560106167
2.35 0.026995928688763975
2.375 0.031042627923579924
2.4000000000000004 0.03555630697901394
2.4250000000000003 0.04057155350033271
2.45 0.0461234029229838
2.475 0.05224716018576436
2.5 0.05897822006192141
2.5250000000000004 0.06635188883776882
2.5500000000000003 0.07440320996714596
2.575 0.0831667961678484
2.6 0.0926766702105939
2.625 0.10296611639108537
2.6500000000000004 0.114067544381197
2.6750000000000003 0.12601236683664604
2.7 0.1388308918062151
2.725 0.15255223065183998
2.75 0.1672042218591977
2.7750000000000004 0.18281337080338356
2.8000000000000003 0.19940480524124463
2.825 0.2170022460369921
2.85 0.23562799239547463
2.875 0.2553029206811448
2.9000000000000004 0.27604649574206563
2.9250000000000003 0.2978767935377354
2.95 0.3208105337863271
2.975 0.3448631212993643
3.0 0.3700486946572713
3.0250000000000004 0.39638018089435384
3.0500000000000003 0.42386935490282274
3.075 0.4525269023284195
3.1 0.4823624848108658
3.125 0.5133848065165922
3.1500000000000004 0.5456016810150257
3.1750000000000003 0.5790200976594091
3.2 0.6136462867453084
3.225 0.6494857828316709
3.25 0.6865434857179744
3.2750000000000004 0.7248237186745848
3.3000000000000003 0.7643302836202454
3.325 0.8050665130294643
3.35 0.8470353184326015
3.375 0.8902392354422326
3.4000000000000004 0.934680465300732
3.4250000000000003 0.9803609129960841
3.45 1.0272822220360411
3.475 1.075445806005404
3.5 1.1248528770580453
3.5250000000000004 1.175504471515053
3.5500000000000003 1.2274014727538045
3.575 1.2805446315807159
3.6 1.334934584283598
3.625 1.3905718685587913
3.6500000000000004 1.4474569375042405
3.6750000000000003 1.505590171863093
3.7 1.564971890693853
3.725 1.6256023606331362
3.75 1.6874818039061361
3.7750000000000004 1.7506104052283862
3.8000000000000003 1.8149883177306891
3.825 1.8806156680273822
3.85 1.9474925605367126
3.875 2.01561908115111
3.9000000000000004 2.084995300344741
3.9250000000000003 2.1556212757959834
3.95 2.2274970545933925
3.975 2.3006226750854353
4.0 2.3749981684266896
4.025 2.4506235598663597
4.05 2.527498869818815
4.075 2.6056241147504027
4.1000000000000005 2.6849993079119048
4.125 2.7656244599417934
4.15 2.847499579361644
4.175 2.930624672981874
4.2 3.0149997462331104
4.2250000000000005 3.100624803436097
4.25 3.187499848020945
4.275 3.2756248827047743
4.3 3.3649999096352645
4.325 3.4556249305063544
4.3500000000000005 3.547499946651274
4.375 3.6406249591171456
4.4 3.7349999687246704
4.425 3.8306249761157605
4.45 3.9274999817914638
4.4750000000000005 4.025624986142082
4.5 4.124999989471039
4.525 4.225624992013753
4.55 4.327499993952514
4.575 4.430624995428201
4.6000000000000005 4.53499999654948
4.625 4.640624997400008
4.65 4.747499998044063
4.675 4.855624998530945
4.7 4.964999998898392
4.7250000000000005 5.075624999175242
4.75 5.187499999383489
4.775 5.300624999539873
4.800000000000001 5.414999999657121
4.825 5.530624999744886
4.8500000000000005 5.647499999810474
4.875 5.765624999859413
4.9 5.88499999989587
4.925000000000001 6.005624999922987
4.95 6.127499999943124
4.9750000000000005 6.250624999958056
5.0 6.374999999969111
5.025 6.5006249999772825
5.050000000000001 6.627499999983313
5.075 6.755624999987759
5.1000000000000005 6.884999999991029
5.125 7.015624999993433
5.15 7.147499999995195
5.175000000000001 7.280624999996486
5.2 7.414999999997431
5.2250000000000005 7.550624999998121
5.25 7.687499999998623
5.275 7.82562499999899
5.300000000000001 7.964999999999256
5.325 8.10562499999945
5.3500000000000005 8.247499999999588
5.375 8.39062499999969
5.4 8.534999999999762
5.425000000000001 8.680624999999814
5.45 8.827499999999853
5.4750000000000005 8.975624999999882
5.5 9.124999999999902
5.525 9.275624999999918
5.550000000000001 9.427499999999931
5.575 9.580624999999939
5.6000000000000005 9.734999999999948
5.625 9.890624999999957
5.65 10.047499999999964
5.675000000000001 10.205624999999971
5.7 10.364999999999977
5.7250000000000005 10.525624999999982
5.75 10.687499999999988
5.775 10.85062499999999
5.800000000000001 11.014999999999993
5.825 11.180624999999997
5.8500000000000005 11.3475
5.875 11.515625000000002
5.9 11.685000000000004
5.925000000000001 11.855625000000007
5.95 12.027500000000009
5.9750000000000005 12.20062500000001
6.0 12.37500000000001
6.025 12.55062500000001
6.050000000000001 12.727500000000012
6.075 12.905625000000011
6.1000000000000005 13.08500000000001
6.125 13.265625000000009
6.15 13.447500000000009
6.175000000000001 13.630625000000009
6.2 13.815000000000008
6.2250000000000005 14.000625000000007
6.25 14.187500000000005
6.275 14.375625000000003
6.300000000000001 14.565000000000001
6.325 14.755624999999998
6.3500000000000005 14.947499999999994
6.375 15.140624999999991
6.4 15.334999999999987
6.425000000000001 15.530624999999985
6.45 15.727499999999978
6.4750000000000005 15.925624999999972
6.5 16.124999999999964
6.525 16.325624999999956
6.550000000000001 16.52749999999995
6.575 16.730624999999943
6.6000000000000005 16.934999999999942
6.625 17.140624999999936
6.65 17.347499999999933
6.675000000000001 17.55562499999993
6.7 17.764999999999933
6.7250000000000005 17.97562499999993
6.75 18.187499999999925
6.775 18.400624999999923
6.800000000000001 18.614999999999924
6.825 18.830624999999923
6.8500000000000005 19.04749999999992
6.875 19.265624999999915
6.9 19.484999999999914
6.925000000000001 19.705624999999912
6.95 19.927499999999913
6.9750000000000005 20.15062499999991
7.0 20.374999999999908
7.025 20.60062499999991
7.050000000000001 20.827499999999908
7.075 21.055624999999907
7.1000000000000005 21.284999999999904
7.125 21.5156249999999
7.15 21.7474999999999
7.175000000000001 21.9806249999999
7.2 22.2149999999999
7.2250000000000005 22.450624999999896
7.25 22.687499999999893
7.275 22.92562499999989
7.300000000000001 23.164999999999893
7.325 23.40562499999989
7.3500000000000005 23.64749999999989
7.375 23.89062499999989
7.4 24.134999999999888
7.425000000000001 24.38062499999989
7.45 24.62749999999989
7.4750000000000005 24.87562499999989
7.5 25.124999999999886
7.525 25.375624999999882
7.550000000000001 25.627499999999888
7.575 25.88062499999989
7.6000000000000005 26.134999999999884
7.625 26.390624999999883
7.65 26.64749999999988
7.675000000000001 26.905624999999883
7.7 27.164999999999882
7.7250000000000005 27.425624999999883
7.75 27.687499999999883
7.775 27.95062499999988
7.800000000000001 28.214999999999883
7.825 28.480624999999886
7.8500000000000005 28.747499999999885
7.875 29.015624999999883
7.9 29.28499999999988
7.925000000000001 29.555624999999885
7.95 29.827499999999887
7.9750000000000005 30.100624999999884
8.0 30.374999999999883
8.025 30.65062499999988
8.05 30.927499999999885
8.075000000000001 31.205624999999884
8.1 31.484999999999886
8.125 31.76562499999989
8.15 32.047499999999886
8.175 32.33062499999989
8.200000000000001 32.614999999999895
8.225 32.900624999999906
8.25 33.18749999999991
8.275 33.475624999999916
8.3 33.764999999999915
8.325000000000001 34.05562499999992
8.35 34.347499999999926
8.375 34.640624999999936
8.4 34.93499999999994
8.425 35.23062499999993
8.450000000000001 35.52749999999994
8.475 35.825624999999945
8.5 36.12499999999995
8.525 36.425624999999954
8.55 36.72749999999996
8.575000000000001 37.03062499999996
8.6 37.334999999999965
8.625 37.64062499999997
8.65 37.94749999999998
8.675 38.25562499999998
8.700000000000001 38.56499999999998
8.725 38.87562499999999
8.75 39.1875
8.775 39.500625
8.8 39.815000000000005
8.825000000000001 40.13062500000001
8.85 40.44750000000002
8.875 40.76562500000002
8.9 41.08500000000003
8.925 41.40562500000003
8.950000000000001 41.72750000000003
8.975 42.05062500000004
9.0 42.37500000000004
9.025 42.70062500000004
9.05 43.027500000000046
9.075000000000001 43.35562500000005
9.1 43.68500000000005
9.125 44.01562500000006
9.15 44.34750000000006
9.175 44.68062500000006
9.200000000000001 45.01500000000006
9.225 45.35062500000006
9.25 45.68750000000006
9.275 46.025625000000055
9.3 46.36500000000005
9.325000000000001 46.70562500000005
9.35 47.04750000000005
9.375 47.39062500000004
9.4 47.73500000000004
9.425 48.08062500000004
9.450000000000001 48.42750000000004
9.475 48.77562500000004
9.5 49.125000000000036
9.525 49.475625000000036
9.55 49.827500000000036
9.575000000000001 50.180625000000035
9.600000000000001 50.53500000000003
9.625 50.89062500000003
9.65 51.24750000000003
9.675 51.605625000000025
9.700000000000001 51.965000000000025
9.725000000000001 52.325625000000024
9.75 52.68750000000002
9.775 53.050625000000025
9.8 53.41500000000002
9.825000000000001 53.78062500000002
9.850000000000001 54.14750000000002
9.875 54.51562500000002
9.9 54.88500000000002
9.925 55.255625000000016
9.950000000000001 55.62750000000002
9.975000000000001 56.000625000000014
10.0 56.375000000000014
