0.0 0.0
0.025 3.0681834158110797E-94
0.05 4.725002460349064E-92
0.07500000000000001 3.65006440061965E-90
0.1 1.8858696751702337E-88
0.125 7.3313537997427336E-87
0.15000000000000002 2.2874042877470466E-85
0.17500000000000002 5.966407167648987E-84
0.2 1.3382113290477195E-82
0.225 2.6346894024613188E-81
0.25 4.625542742393374E-80
0.275 7.331887396879403E-79
0.30000000000000004 1.0598630145437859E-77
0.325 1.408850563858163E-76
0.35000000000000003 1.7341397315337767E-75
0.375 1.988295442643143E-74
0.4 2.134387016875218E-73
0.42500000000000004 2.1547240422992645E-72
0.45 2.0536786386965734E-71
0.47500000000000003 1.8543740768562486E-70
0.5 1.5912011420320893E-69
0.525 1.3011182131593335E-68
0.55 1.0163793838334365E-67
0.5750000000000001 7.601943965179883E-67
0.6000000000000001 5.45529007862312E-66
0.625 3.7631677403608832E-65
0.65 2.4996714514285936E-64
0.675 1.6013925110075557E-63
0.7000000000000001 9.909176464816486E-63
0.7250000000000001 5.930548696114644E-62
0.75 3.437324552488761E-61
0.775 1.9316470938628476E-60
0.8 1.0536490152143532E-59
0.8250000000000001 5.5843649133141415E-59
0.8500000000000001 2.8786054938694714E-58
0.875 1.4444969068353857E-57
0.9 7.062356565525304E-57
0.925 3.3669177883268864E-56
0.9500000000000001 1.5663798906398069E-55
0.9750000000000001 7.116351693695613E-55
1.0 3.1594461239494617E-54
1.0250000000000001 1.3716397494873256E-53
1.05 5.826569717436952E-53
1.075 2.423174879187864E-52
1.1 9.871848836817082E-52
1.125 3.9417207843937376E-51
1.1500000000000001 1.543362666954622E-50
1.175 5.928655280985081E-50
1.2000000000000002 2.2353862450580966E-49
1.225 8.276573552472518E-49
1.25 3.0104788652422413E-48
1.2750000000000001 1.076181081042689E-47
1.3 3.7824265927353234E-47
1.3250000000000002 1.3075398526213915E-46
1.35 4.44729739751791E-46
1.375 1.4888322652342905E-45
1.4000000000000001 4.907379287688233E-45
1.425 1.593119203985934E-44
1.4500000000000002 5.095387138360613E-44
1.475 1.6060794963599815E-43
1.5 4.990498657138709E-43
1.5250000000000001 1.5290781920670988E-42
1.55 4.621063909557128E-42
1.5750000000000002 1.3778265839934877E-41
1.6 4.0541284541377653E-41
1.625 1.177490260143265E-40
1.6500000000000001 3.376580827985135E-40
1.675 9.562179648187612E-40
1.7000000000000002 2.6748128812297012E-39
1.725 7.39231680463353E-39
1.75 2.0188752417200596E-38
1.7750000000000001 5.449649138243588E-38
1.8 1.4542650956633832E-37
1.8250000000000002 3.837231164750126E-37
1.85 1.0013195467442371E-36
1.875 2.584559378471027E-36
1.9000000000000001 6.599879272259576E-36
1.925 1.6676142889868691E-35
1.9500000000000002 4.170017165093121E-35
1.975 1.0321272640529932E-34
2.0 2.529009924956872E-34
2.025 6.135594022459669E-34
2.0500000000000003 1.4740652398255555E-33
2.075 3.5074731982356034E-33
2.1 8.267068822323289E-33
2.125 1.930406266182058E-32
2.15 4.466268399892271E-32
2.1750000000000003 1.0239939443120937E-31
2.2 2.3268189366810694E-31
2.225 5.2407718825844975E-31
2.25 1.170169949490379E-30
2.275 2.5904544358015228E-30
2.3000000000000003 5.686269302403835E-30
2.325 1.237808043398188E-29
2.35 2.672405939675297E-29
2.375 5.722984458566968E-29
2.4000000000000004 1.215795204223495E-28
2.4250000000000003 2.5624871901351736E-28
2.45 5.358843964215577E-28
2.475 1.112070739763538E-27
2.5 2.2902793084969636E-27
2.5250000000000004 4.68145834689858E-27
2.5500000000000003 9.49842580550299E-27
2.575 1.9131106966289982E-26
2.6 3.8254803948724597E-26
2.625 7.595002232899644E-26
2.6500000000000004 1.4972824570763165E-25
2.6750000000000003 2.931234647285362E-25
2.7 5.6990811649833675E-25
2.725 1.1005307725289508E-24
2.75 2.110948461896536E-24
2.7750000000000004 4.022216981042223E-24
2.8000000000000003 7.613765072217226E-24
2.825 1.4318997693075134E-23
2.85 2.675699770324949E-23
2.875 4.968274798899628E-23
2.9000000000000004 9.16745047276422E-23
2.9250000000000003 1.6811132756222095E-22
2.95 3.0639451200990144E-22
2.975 5.550475725729516E-22
3.0 9.994791882579244E-22
3.0250000000000004 1.7891230832550065E-21
3.0500000000000003 3.1838873799912778E-21
3.075 5.63318232680686E-21
3.1 9.909590265655388E-21
3.125 1.7333651332669503E-20
3.1500000000000004 3.014970909799337E-20
3.1750000000000003 5.215076867868898E-20
3.2 8.971151737532344E-20
3.225 1.5348663273614124E-19
3.25 2.611874739992668E-19
3.2750000000000004 4.420971660158383E-19
3.3000000000000003 7.44372805077127E-19
3.325 1.2467921337094423E-18
3.35 2.077549767080901E-18
3.375 3.444175917849157E-18
3.4000000000000004 5.680911880381293E-18
3.4250000000000003 9.323341765854027E-18
3.45 1.5225362231970456E-17
3.475 2.4741582108016385E-17
3.5 4.0010327979464566E-17
3.5250000000000004 6.439056874570769E-17
3.5500000000000003 1.0313315549234393E-16
3.575 1.6440701206308696E-16
3.6 2.608603982224731E-16
3.625 4.1198487201786015E-16
3.6500000000000004 6.476776644403086E-16
3.6750000000000003 1.0135847531630241E-15
3.7 1.579077373141962E-15
3.725 2.4491048537107356E-15
3.75 3.781726817378515E-15
3.7750000000000004 5.813928172332061E-15
3.8000000000000003 8.899458643500166E-15
3.825 1.3564049915883171E-14
3.85 2.0585633783494175E-14
3.875 3.111036877634326E-14
3.9000000000000004 4.6819727905189826E-14
3.9250000000000003 7.01700776657909E-14
3.95 1.0473472460357736E-13
3.975 1.5569017569531166E-13
4.0 2.3050449631637197E-13
4.025 3.3990767720756934E-13
4.05 4.992538569624391E-13
4.075 7.304257494443168E-13
4.1000000000000005 1.064486188070053E-12
4.125 1.545354883010196E-12
4.15 2.234886225301475E-12
4.175 3.2198539419950817E-12
4.2 4.621520501114983E-12
4.2250000000000005 6.608696070107725E-12
4.25 9.415489739319474E-12
4.275 1.3365345206437229E-11
4.3 1.8903460197708617E-11
4.325 2.664034633044074E-11
4.3500000000000005 3.741013493869806E-11
4.375 5.234832577491151E-11
4.4 7.299507300476562E-11
4.425 1.0143188504286767E-10
4.45 1.4046187808914702E-10
4.4750000000000005 1.9384658591306886E-10
4.5 2.6661593448832054E-10
4.525 3.6547251410045335E-10
4.55 4.99316934225323E-10
4.575 6.799280808336924E-10
4.6000000000000005 9.228408142121796E-10
4.625 1.2484744075293837E-9
4.65 1.6835782577908305E-9
4.675 2.2630776026042616E-9
4.7 3.0324217353204065E-9
4.7250000000000005 4.050561211724075E-9
4.75 5.393709576598131E-9
4.775 7.1600801226469594E-9
4.800000000000001 9.475830176145241E-9
4.825 1.2502495579147492E-8
4.8500000000000005 1.6446257763002395E-8
4.875 2.1569456610353697E-8
4.9 2.8204845894404152E-8
4.925000000000001 3.6773186369939635E-8
4.95 4.780488667647656E-8
4.9750000000000005 6.196653641191448E-8
5.0 8.009333156464964E-8
5.025 1.0322857267708426E-7
5.050000000000001 1.326716235739605E-7
5.075 1.7003595632695578E-7
5.1000000000000005 2.173191796048849E-7
5.125 2.7698725606981414E-7
5.15 3.5207546350864E-7
5.175000000000001 4.4630904746589715E-7
5.2 5.642469537794386E-7
5.2250000000000005 7.114525210420193E-7
5.25 8.946955588748655E-7
5.275 1.12219084099536E-6
5.300000000000001 1.4038787050091477E-6
5.325 1.7517541757847703E-6
5.3500000000000005 2.1802518176814945E-6
5.375 2.706694373539973E-6
5.4 3.3518141650390942E-6
5.425000000000001 4.140357208529132E-6
5.45 5.1017810402982715E-6
5.4750000000000005 6.271058341550381E-6
5.5 7.689599600746255E-6
5.525 9.40630924226009E-6
5.550000000000001 1.1478790876547487E-5
5.575 1.397471857725059E-5
5.6000000000000005 1.6973392351831913E-5
5.625 2.056749722921355E-5
5.65 2.4865086623065193E-5
5.675000000000001 2.999181182316297E-5
5.7 3.609342059775778E-5
5.7250000000000005 4.333854893314632E-5
5.75 5.192183086663408E-5
5.775 6.206735215800729E-5
5.800000000000001 7.403247416311428E-5
5.825 8.811205469055874E-5
5.8500000000000005 1.0464309280729747E-4
5.875 1.2400982447911813E-4
5.9 1.4664929555558356E-4
5.925000000000001 1.7305743790467162E-4
5.95 2.0379567343978551E-4
5.9750000000000005 2.394980693326465E-4
6.0 2.808790658438703E-4
6.025 3.2874179590602583E-4
6.050000000000001 3.8398701284282784E-4
6.075 4.4762263938857654E-4
6.1000000000000005 5.207739474750908E-4
6.125 6.046943740762101E-4
6.15 7.007769737460745E-4
6.175000000000001 8.105665033675719E-4
6.2 9.357721290599203E-4
6.2250000000000005 0.0010782807392056418
6.25 0.001240170841181743
6.275 0.0014237270126606658
6.300000000000001 0.001631454871334774
6.325 0.001866096519673276
6.3500000000000005 0.0021306464139098885
6.375 0.0024283675989579694
6.4 0.0027628082434387993
6.425000000000001 0.0031378184015755945
6.45 0.003557566921443175
6.4750000000000005 0.004026558412067224
6.5 0.004549650175236792
6.525 0.005132069001729256
6.550000000000001 0.005779427726048335
6.575 0.006497741428841366
6.6000000000000005 0.00729344317198663
6.625 0.008173399148015206
6.65 0.009144923123137989
6.675000000000001 0.0102157900517625
6.7 0.01139424874007154
6.7250000000000005 0.012689033437051392
6.75 0.014109374233343318
6.775 0.015665006151477655
6.800000000000001 0.017366176815449257
6.825 0.019223652593205916
6.8500000000000005 0.0212487231124317
6.875 0.023453204057982506
6.9 0.025849438168424235
6.925000000000001 0.02845029435927086
6.95 0.03126916491164186
6.9750000000000005 0.03431996067706334
7.0 0.03761710426191783
7.025 0.041175521168486336
7.050000000000001 0.04501062888349356
7.075 0.04913832391942517
7.1000000000000005 0.05357496682848973
7.125 0.058337365223796615
7.15 0.06344275485696224
7.175000000000001 0.06890877881578428
7.2 0.07475346491968558
7.2250000000000005 0.0809952014041748
7.25 0.08765271099845424
7.275 0.09474502351239147
7.300000000000001 0.1022914470602294
7.325 0.11031153805852398
7.3500000000000005 0.11882507014476476
7.375 0.12785200217085985
7.4 0.13741244543207884
7.425000000000001 0.14752663029708463
7.45 0.15821487240830504
7.4750000000000005 0.1694975386240731
7.5 0.18139501287469043
7.525 0.19392766210384993
7.550000000000001 0.2071158024647205
7.575 0.2209796659364831
7.6000000000000005 0.23553936752227528
7.625 0.2508148731834202
7.65 0.26682596865756747
7.675000000000001 0.283592229300052
7.7 0.3011329910784942
7.7250000000000005 0.31946732284052326
7.75 0.3386139999636346
7.775 0.3585914794847128
7.800000000000001 0.37941787679479017
7.825 0.4011109439723017
7.8500000000000005 0.42368804981556274
7.875 0.44716616162257067
7.9 0.47156182875363173
7.925000000000001 0.4968911679998668
7.95 0.5231698507684565
7.9750000000000005 0.5504130920836641
8.0 0.5786356413913125
8.025 0.6078517751435761
8.05 0.6380752911307656
8.075000000000001 0.6693195045172908
8.1 0.7015972455302483
8.125 0.7349208587411341
8.15 0.7693022038740733
8.175 0.8047526580676967
8.200000000000001 0.8412831195124117
8.225 0.8789040123802982
8.25 0.9176252929612059
8.275 0.9574564569158436
8.3 0.9984065475546734
8.325000000000001 1.0404841650502592
8.35 1.0836974764903102
8.375 1.1280542266789713
8.4 1.1735617495948982
8.425 1.220226980416258
8.450000000000001 1.2680564680249646
8.475 1.3170563879051445
8.5 1.3672325553539482
8.525 1.418590438926367
8.55 1.4711351740395457
8.575000000000001 1.5248715766662484
8.6 1.5798041570514636
8.625 1.6359371333906814
8.65 1.6932744454129918
8.675 1.751819767816876
8.700000000000001 1.8115765235112697
8.725 1.872547896619187
8.75 1.934736845205834
8.775 1.9981461136976757
8.8 2.0627782449633494
8.825000000000001 2.1286355920315656
8.85 2.1957203294252405
8.875 2.2640344640949706
8.9 2.333579845938657
8.925 2.404358177897523
8.950000000000001 2.4763710256219906
8.975 2.549619826703858
9.0 2.6241058994739563
9.025 2.6998304513669433
9.05 2.776794586857164
9.075000000000001 2.8549993149714874
9.1 2.934445556386849
9.125 3.015134150121748
9.15 3.0970658598323273
9.175 3.180241379724774
9.200000000000001 3.264661340096747
9.225 3.350326312521299
9.25 3.437236814687346
9.275 3.525393314911197
9.3 3.6147962363339383
9.325000000000001 3.705445960819651
9.35 3.797342832569464
9.375 3.8904871614664227
9.4 3.984879226165967
9.425 4.08051927694661
9.450000000000001 4.177407538335087
9.475 4.275544211519875
9.5 4.374929476566607
9.525 4.475563494448371
9.55 4.577446408903481
9.575000000000001 4.680578348132724
9.600000000000001 4.7849594263475765
9.625 4.890589745180338
9.65 4.997469394966565
9.675 5.105598455909637
9.700000000000001 5.214976999136733
9.725000000000001 5.325605087654948
9.75 5.437482777215738
9.775 5.550610117095385
9.8 5.664987150798605
9.825000000000001 5.780613916692026
9.850000000000001 5.897490448573692
9.875 6.015616776184358
9.9 6.134992925665916
9.925 6.255618919971839
9.950000000000001 6.377494779234176
9.975000000000001 6.500620521091266
10.0 6.624996160979982
