0.0 0.0
0.1 2.980232238769532E-10
0.2 4.9173831939697284E-9
0.30000000000000004 4.179775714874269E-8
0.4 2.441182732582093E-7
0.5 1.1022202670574195E-6
0.6000000000000001 4.103472456336023E-6
0.7000000000000001 1.3118847273290162E-5
0.8 3.703578142449261E-5
0.9 9.42216441035271E-5
1.0 2.1937035489827403E-4
1.1 4.730942321475596E-4
1.2000000000000002 9.542709466768429E-4
1.3 0.0018146863966831007
1.4000000000000001 0.0032750139264680904
1.5 0.005640743505864519
1.6 0.009316417913105396
1.7000000000000002 0.014816510029204434
1.8 0.022771501325992174
1.9000000000000001 0.03392816208010344
2.0 0.04914361526087417
2.1 0.06937339425263814
2.2 0.09565428527853298
2.3000000000000003 0.12908320166241122
2.4000000000000004 0.17079362050558716
2.5 0.2219312068351957
2.6 0.2836301690281003
2.7 0.3569916674315356
2.8000000000000003 0.4430652829864934
2.9000000000000004 0.5428341945744328
3.0 0.6572043582144766
3.1 0.7869976637365858
3.2 0.9329487885524314
3.3000000000000003 1.0957052848678133
3.4000000000000004 1.275830326873837
3.5 1.4738075010172393
3.6 1.690047033351818
3.7 1.92489289895369
3.8000000000000003 2.1786303351402743
3.9000000000000004 2.451493369956213
4.0 2.743672069656269
4.1000000000000005 3.0553192960368247
4.2 3.3865568414234546
4.3 3.737480873225808
4.4 4.108166670397577
4.5 4.498672671413509
4.6000000000000005 4.909043878893901
4.7 5.339314681633509
4.800000000000001 5.7895111625440325
4.9 6.25965296284838
5.0 6.749754770516447
5.1000000000000005 7.259827495875346
5.2 7.789879190731734
5.300000000000001 8.339915760093753
5.4 8.909941508303815
5.5 9.499959554507438
5.6000000000000005 10.109972146135863
5.7 10.73998089359334
5.800000000000001 11.389986944646052
5.9 12.059991113081534
6.0 12.749993972981542
6.1000000000000005 13.459995927345762
6.2 14.1899972577299
6.300000000000001 14.939998159932978
6.4 15.709998769504756
6.5 16.499999179874333
6.6000000000000005 17.309999455164416
6.7 18.13999963920151
6.800000000000001 18.989999761819103
6.9 19.85999984324547
7.0 20.74999989714356
7.1000000000000005 21.65999993270737
7.2 22.589999956101064
7.300000000000001 23.539999971442775
7.4 24.509999981474166
7.5 25.499999988014306
7.6000000000000005 26.509999992266156
7.7 27.539999995022665
7.800000000000001 28.58999999680486
7.9 29.659999997954046
8.0 30.749999998693117
8.1 31.859999999167215
8.200000000000001 32.98999999947057
8.3 34.1399999996642
8.4 35.3099999997875
8.5 36.49999999986582
8.6 37.70999999991546
8.700000000000001 38.93999999994685
8.8 40.18999999996666
8.9 41.459999999979125
9.0 42.74999999998696
9.1 44.05999999999187
9.200000000000001 45.389999999994934
9.3 46.73999999999685
9.4 48.109999999998045
9.5 49.49999999999879
9.600000000000001 50.909999999999265
9.700000000000001 52.339999999999556
9.8 53.78999999999973
9.9 55.259999999999835
10.0 56.7499999999999
