0.0 0.0
0.0125 1.5625000000000003E-4
0.025 6.250000000000001E-4
0.037500000000000006 0.0014062500000000004
0.05 0.0025000000000000005
0.0625 0.00390625
0.07500000000000001 0.0056250000000000015
0.08750000000000001 0.007656250000000002
0.1 0.010000000000000002
0.1125 0.01265625
0.125 0.015625
0.1375 0.018906250000000003
0.15000000000000002 0.022500000000000006
0.1625 0.026406250000000003
0.17500000000000002 0.030625000000000006
0.1875 0.03515625
0.2 0.04000000000000001
0.21250000000000002 0.04515625000000001
0.225 0.050625
0.23750000000000002 0.056406250000000005
0.25 0.0625
0.2625 0.06890625
0.275 0.07562500000000001
0.28750000000000003 0.08265625000000001
0.30000000000000004 0.09000000000000002
0.3125 0.09765625
0.325 0.10562500000000001
0.3375 0.11390625000000001
0.35000000000000003 0.12250000000000003
0.36250000000000004 0.13140625000000003
0.375 0.140625
0.3875 0.15015625000000002
0.4 0.16000000000000003
0.41250000000000003 0.17015625000000004
0.42500000000000004 0.18062500000000004
0.4375 0.19140625
0.45 0.2025
0.4625 0.21390625000000002
0.47500000000000003 0.22562500000000002
0.48750000000000004 0.23765625000000004
0.5 0.25
0.5125000000000001 0.2626562500000001
0.525 0.275625
0.5375 0.28890625
0.55 0.30250000000000005
0.5625 0.31640625
0.5750000000000001 0.33062500000000006
0.5875 0.34515625000000005
0.6000000000000001 0.3600000000000001
0.6125 0.3751562500000001
0.625 0.390625
0.6375000000000001 0.4064062500000001
0.65 0.42250000000000004
0.6625000000000001 0.4389062500000001
0.675 0.45562500000000006
0.6875 0.47265625
0.7000000000000001 0.4900000000000001
0.7125 0.50765625
0.7250000000000001 0.5256250000000001
0.7375 0.54390625
0.75 0.5625
0.7625000000000001 0.5814062500000001
0.775 0.6006250000000001
0.7875000000000001 0.6201562500000002
0.8 0.6400000000000001
0.8125 0.66015625
0.8250000000000001 0.6806250000000001
0.8375 0.70140625
0.8500000000000001 0.7225000000000001
0.8625 0.7439062500000001
0.875 0.765625
0.8875000000000001 0.7876562500000002
0.9 0.81
0.9125000000000001 0.8326562500000002
0.925 0.8556250000000001
0.9375 0.87890625
0.9500000000000001 0.9025000000000001
0.9625 0.9264062500000001
0.9750000000000001 0.9506250000000002
0.9875 0.9751562500000001
1.0 1.0
1.0125 1.02515625
1.0250000000000001 1.0506250000000004
1.0375 1.0764062500000002
1.05 1.1025
1.0625 1.12890625
1.075 1.155625
1.0875000000000001 1.1826562500000002
1.1 1.2100000000000002
1.1125 1.2376562500000001
1.125 1.265625
1.1375 1.2939062499999998
1.1500000000000001 1.3225000000000002
1.1625 1.3514062500000001
1.175 1.3806250000000002
1.1875 1.41015625
1.2000000000000002 1.4400000000000004
1.2125000000000001 1.4701562500000003
1.225 1.5006250000000003
1.2375 1.53140625
1.25 1.5625
1.2625000000000002 1.5939062500000005
1.2750000000000001 1.6256250000000003
1.2875 1.6576562500000003
1.3 1.6900000000000002
1.3125 1.72265625
1.3250000000000002 1.7556250000000004
1.3375000000000001 1.7889062500000004
1.35 1.8225000000000002
1.3625 1.85640625
1.375 1.890625
1.3875000000000002 1.9251562500000006
1.4000000000000001 1.9600000000000004
1.4125 1.9951562500000002
1.425 2.030625
1.4375 2.06640625
1.4500000000000002 2.1025000000000005
1.4625000000000001 2.1389062500000002
1.475 2.175625
1.4875 2.21265625
1.5 2.25
1.5125000000000002 2.2876562500000004
1.5250000000000001 2.3256250000000005
1.5375 2.3639062500000003
1.55 2.4025000000000003
1.5625 2.44140625
1.5750000000000002 2.4806250000000007
1.5875000000000001 2.5201562500000003
1.6 2.5600000000000005
1.6125 2.60015625
1.625 2.640625
1.6375000000000002 2.6814062500000007
1.6500000000000001 2.7225000000000006
1.6625 2.7639062500000002
1.675 2.805625
1.6875 2.84765625
1.7000000000000002 2.8900000000000006
1.7125000000000001 2.9326562500000004
1.725 2.9756250000000004
1.7375 3.01890625
1.75 3.0625
1.7625000000000002 3.1064062500000005
1.7750000000000001 3.1506250000000007
1.7875 3.19515625
1.8 3.24
1.8125 3.28515625
1.8250000000000002 3.330625000000001
1.8375000000000001 3.3764062500000005
1.85 3.4225000000000003
1.8625 3.4689062500000003
1.875 3.515625
1.8875000000000002 3.5626562500000007
1.9000000000000001 3.6100000000000003
1.9125 3.6576562500000005
1.925 3.7056250000000004
1.9375 3.75390625
1.9500000000000002 3.8025000000000007
1.9625000000000001 3.8514062500000006
1.975 3.9006250000000002
1.9875 3.95015625
2.0 4.0
2.0125 4.050156250000001
2.025 4.100625
2.0375 4.15140625
2.0500000000000003 4.2025000000000015
2.0625 4.25390625
2.075 4.305625000000001
2.0875 4.35765625
2.1 4.41
2.1125000000000003 4.462656250000001
2.125 4.515625
2.1375 4.56890625
2.15 4.6225
2.1625 4.67640625
2.1750000000000003 4.730625000000001
2.1875 4.78515625
2.2 4.840000000000001
2.2125 4.895156249999999
2.225 4.9506250000000005
2.2375000000000003 5.006406250000001
2.25 5.0625
2.2625 5.118906250000001
2.275 5.175624999999999
2.2875 5.232656250000001
2.3000000000000003 5.290000000000001
2.3125 5.34765625
2.325 5.405625000000001
2.3375 5.46390625
2.35 5.522500000000001
2.3625000000000003 5.5814062500000015
2.375 5.640625
2.3875 5.700156250000001
2.4000000000000004 5.760000000000002
2.4125 5.82015625
2.4250000000000003 5.880625000000001
2.4375 5.94140625
2.45 6.002500000000001
2.4625000000000004 6.063906250000001
2.475 6.125625
2.4875000000000003 6.187656250000002
2.5 6.25
2.5125 6.312656250000001
2.5250000000000004 6.375625000000002
2.5375 6.4389062500000005
2.5500000000000003 6.502500000000001
2.5625 6.56640625
2.575 6.630625000000001
2.5875000000000004 6.695156250000002
2.6 6.760000000000001
2.6125000000000003 6.825156250000002
2.625 6.890625
2.6375 6.956406250000001
2.6500000000000004 7.022500000000002
2.6625 7.088906250000001
2.6750000000000003 7.1556250000000015
2.6875 7.22265625
2.7 7.290000000000001
2.7125000000000004 7.357656250000002
2.725 7.425625
2.7375000000000003 7.493906250000001
2.75 7.5625
2.7625 7.631406250000001
2.7750000000000004 7.700625000000002
2.7875 7.77015625
2.8000000000000003 7.840000000000002
2.8125 7.91015625
2.825 7.980625000000001
2.8375000000000004 8.051406250000001
2.85 8.1225
2.8625000000000003 8.193906250000001
2.875 8.265625
2.8875 8.33765625
2.9000000000000004 8.410000000000002
2.9125 8.48265625
2.9250000000000003 8.555625000000001
2.9375 8.62890625
2.95 8.7025
2.9625000000000004 8.776406250000003
2.975 8.850625
2.9875000000000003 8.925156250000002
3.0 9.0
3.0125 9.075156250000001
3.0250000000000004 9.150625000000002
3.0375 9.22640625
3.0500000000000003 9.302500000000002
3.0625 9.37890625
3.075 9.455625000000001
3.0875000000000004 9.532656250000002
3.1 9.610000000000001
3.1125000000000003 9.687656250000002
3.125 9.765625
3.1375 9.843906250000002
3.1500000000000004 9.922500000000003
3.1625 10.00140625
3.1750000000000003 10.080625000000001
3.1875 10.16015625
3.2 10.240000000000002
3.2125000000000004 10.320156250000002
3.225 10.400625
3.2375000000000003 10.481406250000001
3.25 10.5625
3.2625 10.64390625
3.2750000000000004 10.725625000000003
3.2875 10.80765625
3.3000000000000003 10.890000000000002
3.3125 10.97265625
3.325 11.055625000000001
3.3375000000000004 11.138906250000002
3.35 11.2225
3.3625000000000003 11.306406250000002
3.375 11.390625
3.3875 11.475156250000001
3.4000000000000004 11.560000000000002
3.4125 11.645156250000001
3.4250000000000003 11.730625000000002
3.4375 11.81640625
3.45 11.902500000000002
3.4625000000000004 11.988906250000003
3.475 12.075625
3.4875000000000003 12.162656250000001
3.5 12.25
3.5125 12.337656250000002
3.5250000000000004 12.425625000000002
3.5375 12.51390625
3.5500000000000003 12.602500000000003
3.5625 12.69140625
3.575 12.780625
3.5875000000000004 12.870156250000003
3.6 12.96
3.6125000000000003 13.050156250000002
3.625 13.140625
3.6375 13.231406250000001
3.6500000000000004 13.322500000000003
3.6625 13.41390625
3.6750000000000003 13.505625000000002
3.6875 13.59765625
3.7 13.690000000000001
3.7125000000000004 13.782656250000002
3.725 13.875625000000001
3.7375000000000003 13.968906250000002
3.75 14.0625
3.7625 14.156406250000002
3.7750000000000004 14.250625000000003
3.7875 14.34515625
3.8000000000000003 14.440000000000001
3.8125 14.53515625
3.825 14.630625000000002
3.8375000000000004 14.726406250000002
3.85 14.822500000000002
3.8625000000000003 14.918906250000003
3.875 15.015625
3.8875 15.11265625
3.9000000000000004 15.210000000000003
3.9125 15.30765625
3.9250000000000003 15.405625000000002
3.9375 15.50390625
3.95 15.602500000000001
3.9625000000000004 15.701406250000003
3.975 15.800625
3.9875000000000003 15.900156250000002
4.0 16.0
4.0125 16.10015625
4.025 16.200625000000002
4.0375000000000005 16.301406250000003
4.05 16.4025
4.0625 16.50390625
4.075 16.605625
4.0875 16.707656250000003
4.1000000000000005 16.810000000000006
4.1125 16.912656249999998
4.125 17.015625
4.1375 17.118906250000002
4.15 17.222500000000004
4.1625000000000005 17.326406250000005
4.175 17.430625
4.1875 17.53515625
4.2 17.64
4.2125 17.745156250000004
4.2250000000000005 17.850625000000004
4.2375 17.956406249999997
4.25 18.0625
4.2625 18.168906250000003
4.275 18.275625
4.2875000000000005 18.382656250000004
4.3 18.49
4.3125 18.59765625
4.325 18.705625
4.3375 18.813906250000002
4.3500000000000005 18.922500000000003
4.3625 19.03140625
4.375 19.140625
4.3875 19.25015625
4.4 19.360000000000003
4.4125000000000005 19.470156250000006
4.425 19.580624999999998
4.4375 19.69140625
4.45 19.802500000000002
4.4625 19.913906250000004
4.4750000000000005 20.025625000000005
4.4875 20.13765625
4.5 20.25
4.5125 20.36265625
4.525 20.475625000000004
4.5375000000000005 20.588906250000004
4.55 20.702499999999997
4.5625 20.81640625
4.575 20.930625000000003
4.5875 21.04515625
4.6000000000000005 21.160000000000004
4.6125 21.27515625
4.625 21.390625
4.6375 21.50640625
4.65 21.622500000000002
4.6625000000000005 21.738906250000007
4.675 21.855625
4.6875 21.97265625
4.7 22.090000000000003
4.7125 22.207656250000003
4.7250000000000005 22.325625000000006
4.7375 22.443906249999998
4.75 22.5625
4.7625 22.681406250000002
4.775 22.800625000000004
4.7875000000000005 22.920156250000005
4.800000000000001 23.040000000000006
4.8125 23.16015625
4.825 23.280625
4.8375 23.401406250000004
4.8500000000000005 23.522500000000004
4.862500000000001 23.643906250000008
4.875 23.765625
4.8875 23.887656250000003
4.9 24.010000000000005
4.9125000000000005 24.132656250000004
4.925000000000001 24.255625000000006
4.9375 24.37890625
4.95 24.5025
4.9625 24.626406250000002
4.9750000000000005 24.750625000000007
4.987500000000001 24.875156250000007
5.0 25.0
5.0125 25.125156250000003
5.025 25.250625000000003
5.0375000000000005 25.376406250000006
5.050000000000001 25.50250000000001
5.0625 25.62890625
5.075 25.755625000000002
5.0875 25.882656250000004
5.1000000000000005 26.010000000000005
5.112500000000001 26.137656250000006
5.125 26.265625
5.1375 26.39390625
5.15 26.522500000000004
5.1625000000000005 26.651406250000004
5.175000000000001 26.780625000000008
5.1875 26.91015625
5.2 27.040000000000003
5.2125 27.170156250000005
5.2250000000000005 27.300625000000007
5.237500000000001 27.43140625000001
5.25 27.5625
5.2625 27.69390625
5.275 27.825625000000002
5.2875000000000005 27.957656250000007
5.300000000000001 28.090000000000007
5.3125 28.22265625
5.325 28.355625000000003
5.3375 28.488906250000003
5.3500000000000005 28.622500000000006
5.362500000000001 28.75640625000001
5.375 28.890625
5.3875 29.025156250000002
5.4 29.160000000000004
5.4125000000000005 29.295156250000005
5.425000000000001 29.430625000000006
5.4375 29.56640625
5.45 29.7025
5.4625 29.838906250000004
5.4750000000000005 29.975625000000004
5.487500000000001 30.112656250000008
5.5 30.25
5.5125 30.387656250000003
5.525 30.525625000000005
5.5375000000000005 30.663906250000007
5.550000000000001 30.80250000000001
5.5625 30.94140625
5.575 31.080625
5.5875 31.220156250000002
5.6000000000000005 31.360000000000007
5.612500000000001 31.500156250000007
5.625 31.640625
5.6375 31.781406250000003
5.65 31.922500000000003
5.6625000000000005 32.06390625000001
5.675000000000001 32.205625000000005
5.6875 32.34765625
5.7 32.49
5.7125 32.632656250000004
5.7250000000000005 32.775625000000005
5.737500000000001 32.918906250000006
5.75 33.0625
5.7625 33.20640625
5.775 33.350625
5.7875000000000005 33.49515625000001
5.800000000000001 33.64000000000001
5.8125 33.78515625
5.825 33.930625
5.8375 34.076406250000005
5.8500000000000005 34.222500000000004
5.862500000000001 34.36890625000001
5.875 34.515625
5.8875 34.662656250000005
5.9 34.81
5.9125000000000005 34.95765625000001
5.925000000000001 35.10562500000001
5.9375 35.25390625
5.95 35.4025
5.9625 35.55140625000001
5.9750000000000005 35.70062500000001
5.987500000000001 35.85015625000001
6.0 36.0
6.0125 36.15015625
6.025 36.300625000000004
6.0375000000000005 36.451406250000005
6.050000000000001 36.602500000000006
6.0625 36.75390625
6.075 36.905625
6.0875 37.05765625
6.1000000000000005 37.21000000000001
6.112500000000001 37.36265625000001
6.125 37.515625
6.1375 37.66890625
6.15 37.822500000000005
6.1625000000000005 37.976406250000004
6.175000000000001 38.13062500000001
6.1875 38.28515625
6.2 38.440000000000005
6.2125 38.59515625
6.2250000000000005 38.75062500000001
6.237500000000001 38.90640625000001
6.25 39.0625
6.2625 39.21890625
6.275 39.37562500000001
6.2875000000000005 39.53265625000001
6.300000000000001 39.69000000000001
6.3125 39.84765625
6.325 40.005625
6.3375 40.163906250000004
6.3500000000000005 40.322500000000005
6.362500000000001 40.481406250000006
6.375 40.640625
6.3875 40.80015625
6.4 40.96000000000001
6.4125000000000005 41.12015625000001
6.425000000000001 41.28062500000001
6.4375 41.44140625
6.45 41.6025
6.4625 41.763906250000005
6.4750000000000005 41.925625000000004
6.487500000000001 42.08765625000001
6.5 42.25
6.5125 42.412656250000005
6.525 42.575625
6.5375000000000005 42.73890625000001
6.550000000000001 42.90250000000001
6.5625 43.06640625
6.575 43.230625
6.5875 43.39515625000001
6.6000000000000005 43.56000000000001
6.612500000000001 43.72515625000001
6.625 43.890625
6.6375 44.05640625
6.65 44.222500000000004
6.6625000000000005 44.388906250000005
6.675000000000001 44.555625000000006
6.6875 44.72265625
6.7 44.89
6.7125 45.05765625000001
6.7250000000000005 45.22562500000001
6.737500000000001 45.39390625000001
6.75 45.5625
6.7625 45.73140625
6.775 45.900625000000005
6.7875000000000005 46.070156250000004
6.800000000000001 46.24000000000001
6.8125 46.41015625
6.825 46.580625000000005
6.8375 46.75140625
6.8500000000000005 46.92250000000001
6.862500000000001 47.09390625000001
6.875 47.265625
6.8875 47.43765625
6.9 47.61000000000001
6.9125000000000005 47.78265625000001
6.925000000000001 47.95562500000001
6.9375 48.12890625
6.95 48.3025
6.9625 48.476406250000004
6.9750000000000005 48.650625000000005
6.987500000000001 48.82515625000001
7.0 49.0
7.0125 49.17515625
7.025 49.35062500000001
7.0375000000000005 49.52640625000001
7.050000000000001 49.70250000000001
7.0625 49.87890625
7.075 50.055625
7.0875 50.232656250000005
7.1000000000000005 50.41000000000001
7.112500000000001 50.58765625000001
7.125 50.765625
7.1375 50.943906250000005
7.15 51.1225
7.1625000000000005 51.30140625000001
7.175000000000001 51.48062500000001
7.1875 51.66015625
7.2 51.84
7.2125 52.02015625000001
7.2250000000000005 52.20062500000001
7.237500000000001 52.38140625000001
7.25 52.5625
7.2625 52.74390625
7.275 52.925625000000004
7.2875000000000005 53.107656250000005
7.300000000000001 53.29000000000001
7.3125 53.47265625
7.325 53.655625
7.3375 53.83890625000001
7.3500000000000005 54.02250000000001
7.362500000000001 54.20640625000001
7.375 54.390625
7.3875 54.57515625
7.4 54.760000000000005
7.4125000000000005 54.94515625000001
7.425000000000001 55.13062500000001
7.4375 55.31640625
7.45 55.502500000000005
7.4625 55.68890625
7.4750000000000005 55.87562500000001
7.487500000000001 56.06265625000001
7.5 56.25
7.5125 56.43765625
7.525 56.62562500000001
7.5375000000000005 56.81390625000001
7.550000000000001 57.00250000000001
7.5625 57.19140625
7.575 57.380625
7.5875 57.570156250000004
7.6000000000000005 57.760000000000005
7.612500000000001 57.95015625000001
7.625 58.140625
7.6375 58.33140625
7.65 58.52250000000001
7.6625000000000005 58.71390625000001
7.675000000000001 58.90562500000001
7.6875 59.09765625
7.7 59.290000000000006
7.7125 59.482656250000005
7.7250000000000005 59.67562500000001
7.737500000000001 59.86890625000001
7.75 60.0625
7.7625 60.256406250000005
7.775 60.450625
7.7875000000000005 60.64515625000001
7.800000000000001 60.84000000000001
7.8125 61.03515625
7.825 61.230625
7.8375 61.42640625000001
7.8500000000000005 61.62250000000001
7.862500000000001 61.81890625000001
7.875 62.015625
7.8875 62.21265625
7.9 62.410000000000004
7.9125000000000005 62.607656250000005
7.925000000000001 62.80562500000001
7.9375 63.00390625
7.95 63.2025
7.9625 63.40140625000001
7.9750000000000005 63.60062500000001
7.987500000000001 63.800156250000015
8.0 64.0
8.012500000000001 64.20015625000002
8.025 64.400625
8.0375 64.60140625
8.05 64.80250000000001
8.0625 65.00390625
8.075000000000001 65.20562500000001
8.0875 65.40765625
8.1 65.61
8.1125 65.81265625000002
8.125 66.015625
8.137500000000001 66.21890625000002
8.15 66.4225
8.1625 66.62640624999999
8.175 66.83062500000001
8.1875 67.03515625
8.200000000000001 67.24000000000002
8.2125 67.44515625000001
8.225 67.65062499999999
8.2375 67.85640625
8.25 68.0625
8.262500000000001 68.26890625000001
8.275 68.47562500000001
8.2875 68.68265625
8.3 68.89000000000001
8.3125 69.09765625
8.325000000000001 69.30562500000002
8.3375 69.51390625
8.35 69.7225
8.3625 69.93140625000001
8.375 70.140625
8.387500000000001 70.35015625000001
8.4 70.56
8.4125 70.77015625
8.425 70.98062500000002
8.4375 71.19140625
8.450000000000001 71.40250000000002
8.4625 71.61390625
8.475 71.82562499999999
8.4875 72.03765625000001
8.5 72.25
8.512500000000001 72.46265625000002
8.525 72.67562500000001
8.5375 72.88890624999999
8.55 73.1025
8.5625 73.31640625
8.575000000000001 73.53062500000001
8.5875 73.74515625000001
8.6 73.96
8.6125 74.17515625000001
8.625 74.390625
8.637500000000001 74.60640625000002
8.65 74.8225
8.6625 75.03890625
8.675 75.25562500000001
8.6875 75.47265625
8.700000000000001 75.69000000000001
8.7125 75.90765625
8.725 76.125625
8.7375 76.34390625000002
8.75 76.5625
8.762500000000001 76.78140625000002
8.775 77.000625
8.7875 77.22015624999999
8.8 77.44000000000001
8.8125 77.66015625
8.825000000000001 77.88062500000002
8.8375 78.10140625000001
8.85 78.32249999999999
8.8625 78.54390625
8.875 78.765625
8.887500000000001 78.98765625000001
8.9 79.21000000000001
8.9125 79.43265625
8.925 79.65562500000001
8.9375 79.87890625
8.950000000000001 80.10250000000002
8.9625 80.32640625
8.975 80.550625
8.9875 80.77515625000001
9.0 81.0
9.012500000000001 81.22515625000003
9.025 81.450625
9.0375 81.67640625
9.05 81.90250000000002
9.0625 82.12890625
9.075000000000001 82.35562500000002
9.0875 82.58265625
9.1 82.80999999999999
9.1125 83.03765625000001
9.125 83.265625
9.137500000000001 83.49390625000002
9.15 83.72250000000001
9.1625 83.95140624999999
9.175 84.180625
9.1875 84.41015625
9.200000000000001 84.64000000000001
9.2125 84.87015625000001
9.225 85.100625
9.2375 85.33140625000001
9.25 85.5625
9.262500000000001 85.79390625000002
9.275 86.025625
9.2875 86.25765625
9.3 86.49000000000001
9.3125 86.72265625
9.325000000000001 86.95562500000003
9.3375 87.18890625
9.35 87.4225
9.3625 87.65640625000002
9.375 87.890625
9.387500000000001 88.12515625000002
9.4 88.36000000000001
9.4125 88.59515624999999
9.425 88.83062500000001
9.4375 89.06640625
9.450000000000001 89.30250000000002
9.4625 89.53890625000001
9.475 89.77562499999999
9.4875 90.01265625000002
9.5 90.25
9.512500000000001 90.48765625000001
9.525 90.72562500000001
9.5375 90.96390625
9.55 91.20250000000001
9.5625 91.44140625
9.575000000000001 91.68062500000002
9.5875 91.92015625
9.600000000000001 92.16000000000003
9.6125 92.40015625000001
9.625 92.640625
9.637500000000001 92.88140625000003
9.65 93.1225
9.662500000000001 93.36390625000003
9.675 93.60562500000002
9.6875 93.84765625
9.700000000000001 94.09000000000002
9.7125 94.33265625000001
9.725000000000001 94.57562500000003
9.7375 94.81890625000001
9.75 95.0625
9.762500000000001 95.30640625000002
9.775 95.55062500000001
9.787500000000001 95.79515625000003
9.8 96.04000000000002
9.8125 96.28515625
9.825000000000001 96.53062500000001
9.8375 96.77640625000001
9.850000000000001 97.02250000000002
9.8625 97.26890625000001
9.875 97.515625
9.887500000000001 97.76265625000002
9.9 98.01
9.912500000000001 98.25765625000003
9.925 98.50562500000001
9.9375 98.75390625
9.950000000000001 99.00250000000003
9.9625 99.25140625
9.975000000000001 99.50062500000003
9.9875 99.75015625000002
10.0 100.0
