0.0 0.0
0.05 1.5557538194652857E-63
0.1 1.6179839722438972E-61
0.15000000000000002 8.453966254974358E-60
0.2 2.9589037467792204E-58
0.25 7.804229980928113E-57
0.30000000000000004 1.654547489088812E-55
0.35000000000000003 2.9369698192191785E-54
0.4 4.489702981613727E-53
0.45 6.033659947047504E-52
0.5 7.241373530625242E-51
0.55 7.858242164146906E-50
0.6000000000000001 7.78845717386523E-49
0.65 7.108788780229834E-48
0.7000000000000001 6.016956400173366E-47
0.75 4.750782299037617E-46
0.8 3.5170164967903666E-45
0.8500000000000001 2.4520637905037E-44
0.9 1.6163283788155256E-43
0.9500000000000001 1.0108015654585274E-42
1.0 6.015557137323734E-42
1.05 3.416306837582337E-41
1.1 1.8560462896440845E-40
1.1500000000000001 9.668305600121348E-40
1.2000000000000002 4.8387439573883344E-39
1.25 2.331042846954534E-38
1.3 1.0828063163063328E-37
1.35 4.857609681935263E-37
1.4000000000000001 2.107665579716659E-36
1.4500000000000002 8.856808539273652E-36
1.5 3.609081475560617E-35
1.55 1.4278081595871453E-34
1.6 5.49000572418811E-34
1.6500000000000001 2.0537657430792764E-33
1.7000000000000002 7.482070674645013E-33
1.75 2.6569160393719684E-32
1.8 9.204246137037407E-32
1.85 3.113157557115591E-31
1.9000000000000001 1.0288337140084967E-30
1.9500000000000002 3.324538565770201E-30
2.0 1.0511244002009578E-29
2.0500000000000003 3.2538136773085874E-29
2.1 9.867616702557556E-29
2.15 2.9333579436584374E-28
2.2 8.5524610684269E-28
2.25 2.4469167154208086E-27
2.3000000000000003 6.873336040547213E-27
2.35 1.8964645576511056E-26
2.4000000000000004 5.1422113915846157E-26
2.45 1.3707992124546485E-25
2.5 3.5941741269340593E-25
2.5500000000000003 9.272584113672427E-25
2.6 2.3547607476993746E-24
2.6500000000000004 5.888414463507858E-24
2.7 1.4504756953894665E-23
2.75 3.5207242592623915E-23
2.8000000000000003 8.423767747863003E-23
2.85 1.9873373530035663E-22
2.9000000000000004 4.624455836686994E-22
2.95 1.0616997837399768E-21
3.0 2.4055731805557085E-21
3.0500000000000003 5.380598399600152E-21
3.1 1.1883738218246066E-20
3.1500000000000004 2.5923732165606217E-20
3.2 5.586910290987666E-20
3.25 1.1898161348213304E-19
3.3000000000000003 2.504510810928046E-19
3.35 5.211930257040255E-19
3.4000000000000004 1.0725105999904493E-18
3.45 2.182848939253868E-18
3.5 4.394949251768906E-18
3.5500000000000003 8.755450336293441E-18
3.6 1.726161251151508E-17
3.6500000000000004 3.368556729558622E-17
3.7 6.507962553374977E-17
3.75 1.2449781249935461E-16
3.8000000000000003 2.3586775342503233E-16
3.85 4.4262732531189114E-16
3.9000000000000004 8.228891373539614E-16
3.95 1.5158166018881572E-15
4.0 2.7670764484545393E-15
4.05 5.006451632995313E-15
4.1000000000000005 8.979182102652985E-15
4.15 1.5966264676403884E-14
4.2 2.8150752387242354E-14
4.25 4.9221594146231955E-14
4.3 8.536065422872503E-14
4.3500000000000005 1.468426457861589E-13
4.4 2.5060731697811283E-13
4.45 4.2436128306885536E-13
4.5 7.130670278435902E-13
4.55 1.1891276582388345E-12
4.6000000000000005 1.96824835726024E-12
4.65 3.233949631528898E-12
4.7 5.275165668141362E-12
4.75 8.543483136354347E-12
4.800000000000001 1.3739639630441107E-11
4.8500000000000005 2.1943290445607136E-11
4.9 3.4806292870554086E-11
4.95 5.483856184099265E-11
5.0 8.582787973454706E-11
5.050000000000001 1.3345217815522416E-10
5.1000000000000005 2.0616644805421566E-10
5.15 3.164788052926412E-10
5.2 4.827742443921973E-10
5.25 7.319040025252155E-10
5.300000000000001 1.1028380301128425E-9
5.3500000000000005 1.6517839217497376E-9
5.4 2.4593154812168165E-9
5.45 3.6402374664333287E-9
5.5 5.357151855387207E-9
5.550000000000001 7.838999760051577E-9
5.6000000000000005 1.1406249610704867E-8
5.65 1.6504907794646333E-8
5.7 2.375216806516467E-8
5.75 3.3997320906877254E-8
5.800000000000001 4.8402548987924975E-8
5.8500000000000005 6.854948081612462E-8
5.9 9.657890873963207E-8
5.95 1.353729527989369E-7
6.0 1.8879122839495677E-7
6.050000000000001 2.619753194073223E-7
6.1000000000000005 3.617391414377753E-7
6.15 4.970666798196898E-7
6.2 6.797431858507375E-7
6.25 9.251512972104717E-7
6.300000000000001 1.2532698005263142E-6
6.3500000000000005 1.689919959849087E-6
6.4 2.2683125741360627E-6
6.45 3.030958271271274E-6
6.5 4.032014054834138E-6
6.550000000000001 5.340150834745331E-6
6.6000000000000005 7.042039613632095E-6
6.65 9.246568158730935E-6
6.7 1.2089915321822095E-5
6.75 1.5741626594428403E-5
6.800000000000001 2.0411851873640955E-5
6.8500000000000005 2.6359924585129632E-5
6.9 3.390448002715222E-5
6.95 4.3435329764875996E-5
7.0 5.542732775652154E-5
7.050000000000001 7.045648220505051E-5
7.1000000000000005 8.92185844099742E-5
7.15 1.1255064158986374E-4
7.2 1.4145541414663552E-4
7.25 1.7712936848739307E-4
7.300000000000001 2.2099436360892066E-4
7.3500000000000005 2.747333924579759E-4
7.4 3.403306968709948E-4
7.45 4.2011656694133996E-4
7.5 5.168171212611203E-4
7.550000000000001 6.33609342989598E-4
7.6000000000000005 7.741816175384801E-4
7.65 9.427999803636201E-4
7.7 0.0011443802375659662
7.75 0.0013845660675349703
7.800000000000001 0.0016698131486907208
7.8500000000000005 0.0020074792866653346
7.9 0.0024059204343880756
7.95 0.0028745924111033064
8.0 0.003424158032187032
8.05 0.004066599261799895
8.1 0.00481533389621319
8.15 0.005685336178577516
8.200000000000001 0.006693260637677196
8.25 0.007857568335707216
8.3 0.00919865460534435
8.35 0.01073897725648564
8.4 0.012503184140180909
8.450000000000001 0.014518238873689575
8.5 0.016813543458405286
8.55 0.01942105646368157
8.6 0.022375405406279178
8.65 0.02571399192896274
8.700000000000001 0.029477088374172764
8.75 0.033707924360864575
8.8 0.03845276200537708
8.85 0.04376095848103838
8.9 0.049685014686202365
8.950000000000001 0.05628060888619734
9.0 0.06360661431048967
9.05 0.07172509982104185
9.1 0.08070131291979157
9.15 0.09060364453043247
9.200000000000001 0.10150357516993232
9.25 0.1134756023158717
9.3 0.1265971489738672
9.35 0.14094845365200714
9.4 0.15661244215319572
9.450000000000001 0.17367458179833073
9.5 0.19222271889009365
9.55 0.2123469004156484
9.600000000000001 0.23413918116370283
9.65 0.2576934175943677
9.700000000000001 0.2831050499464958
9.75 0.3104708741944506
9.8 0.3398888055726555
9.850000000000001 0.371457635470309
9.9 0.4052767835592337
9.950000000000001 0.44144604705430945
10.0 0.48006534901810227
