0.0;0.0;0.0
0.025;0.0;1.0
0.05;0.0;4.0
0.07500000000000001;0.0;9.0
0.1;0.0;16.0
0.125;0.0;25.0
0.15000000000000002;0.0;36.0
0.17500000000000002;0.0;49.0
0.2;0.0;64.0
0.225;0.0;81.0
0.25;0.0;100.0
0.275;0.0;121.0
0.30000000000000004;0.0;144.0
0.325;0.0;169.0
0.35000000000000003;0.0;196.0
0.375;0.0;225.0
0.4;0.0;256.0
0.42500000000000004;0.0;289.0
0.45;0.0;324.0
0.47500000000000003;0.0;361.0
0.5;0.0;400.0
0.525;0.0;441.0
0.55;0.0;484.0
0.5750000000000001;0.0;529.0
0.6000000000000001;0.0;576.0
0.625;0.0;625.0
0.65;0.0;676.0
0.675;0.0;729.0
0.7000000000000001;0.0;784.0
0.7250000000000001;0.0;841.0
0.75;0.0;900.0
0.775;0.0;961.0
0.8;0.0;1024.0
0.8250000000000001;0.0;1089.0
0.8500000000000001;0.0;1156.0
0.875;0.0;1225.0
0.9;0.0;1296.0
0.925;0.0;1369.0
0.9500000000000001;0.0;1444.0
0.9750000000000001;0.0;1521.0
1.0;0.0;1600.0
1.0250000000000001;0.0;1681.0
1.05;0.0;1764.0
1.075;0.0;1849.0
1.1;0.0;1936.0
1.125;0.0;2025.0
1.1500000000000001;0.0;2116.0
1.175;0.0;2209.0
1.2000000000000002;0.0;2304.0
1.225;0.0;2401.0
1.25;0.0;2500.0
1.2750000000000001;0.0;2601.0
1.3;0.0;2704.0
1.3250000000000002;0.0;2809.0
1.35;0.0;2916.0
1.375;0.0;3025.0
1.4000000000000001;0.0;3136.0
1.425;0.0;3249.0
1.4500000000000002;0.0;3364.0
1.475;0.0;3481.0
1.5;0.0;3600.0
1.5250000000000001;0.0;3721.0
1.55;0.0;3844.0
1.5750000000000002;0.0;3969.0
1.6;0.0;4096.0
1.625;0.0;4225.0
1.6500000000000001;0.0;4356.0
1.675;0.0;4489.0
1.7000000000000002;0.0;4624.0
1.725;0.0;4761.0
1.75;0.0;4900.0
1.7750000000000001;0.0;5041.0
1.8;0.0;5184.0
1.8250000000000002;0.0;5329.0
1.85;0.0;5476.0
1.875;0.0;5625.0
1.9000000000000001;0.0;5776.0
1.925;0.0;5929.0
1.9500000000000002;0.0;6084.0
1.975;0.0;6241.0
2.0;0.0;6400.0
2.025;0.0;6561.0
2.0500000000000003;0.0;6724.0
2.075;0.0;6889.0
2.1;0.0;7056.0
2.125;0.0;7225.0
2.15;0.0;7396.0
2.1750000000000003;0.0;7569.0
2.2;0.0;7744.0
2.225;0.0;7921.0
2.25;0.0;8100.0
2.275;0.0;8281.0
2.3000000000000003;0.0;8464.0
2.325;0.0;8649.0
2.35;0.0;8836.0
2.375;0.0;9025.0
2.4000000000000004;0.0;9216.0
2.4250000000000003;0.0;9409.0
2.45;0.0;9604.0
2.475;0.0;9801.0
2.5;0.0;10000.0
2.5250000000000004;0.0;10201.0
2.5500000000000003;0.0;10404.0
2.575;0.0;10609.0
2.6;0.0;10816.0
2.625;0.0;11025.0
2.6500000000000004;0.0;11236.0
2.6750000000000003;0.0;11449.0
2.7;0.0;11664.0
2.725;0.0;11881.0
2.75;0.0;12100.0
2.7750000000000004;0.0;12321.0
2.8000000000000003;0.0;12544.0
2.825;0.0;12769.0
2.85;0.0;12996.0
2.875;0.0;13225.0
2.9000000000000004;0.0;13456.0
2.9250000000000003;0.0;13689.0
2.95;0.0;13924.0
2.975;0.0;14161.0
3.0;0.0;14400.0
3.0250000000000004;0.0;14641.0
3.0500000000000003;0.0;14884.0
3.075;0.0;15129.0
3.1;0.0;15376.0
3.125;0.0;15625.0
3.1500000000000004;0.0;15876.0
3.1750000000000003;0.0;16129.0
3.2;0.0;16384.0
3.225;0.0;16641.0
3.25;0.0;16900.0
3.2750000000000004;0.0;17161.0
3.3000000000000003;0.0;17424.0
3.325;0.0;17689.0
3.35;0.0;17956.0
3.375;0.0;18225.0
3.4000000000000004;0.0;18496.0
3.4250000000000003;0.0;18769.0
3.45;0.0;19044.0
3.475;0.0;19321.0
3.5;0.0;19600.0
3.5250000000000004;0.0;19881.0
3.5500000000000003;0.0;20164.0
3.575;0.0;20449.0
3.6;0.0;20736.0
3.625;0.0;21025.0
3.6500000000000004;0.0;21316.0
3.6750000000000003;0.0;21609.0
3.7;0.0;21904.0
3.725;0.0;22201.0
3.75;0.0;22500.0
3.7750000000000004;0.0;22801.0
3.8000000000000003;0.0;23104.0
3.825;0.0;23409.0
3.85;0.0;23716.0
3.875;0.0;24025.0
3.9000000000000004;0.0;24336.0
3.9250000000000003;0.0;24649.0
3.95;0.0;24964.0
3.975;0.0;25281.0
4.0;0.0;25600.0
4.025;0.0;25921.0
4.05;0.0;26244.0
4.075;0.0;26569.0
4.1000000000000005;0.0;26896.0
4.125;0.0;27225.0
4.15;0.0;27556.0
4.175;0.0;27889.0
4.2;0.0;28224.0
4.2250000000000005;0.0;28561.0
4.25;0.0;28900.0
4.275;0.0;29241.0
4.3;0.0;29584.0
4.325;0.0;29929.0
4.3500000000000005;0.0;30276.0
4.375;0.0;30625.0
4.4;0.0;30976.0
4.425;0.0;31329.0
4.45;0.0;31684.0
4.4750000000000005;0.0;32041.0
4.5;0.0;32400.0
4.525;0.0;32761.0
4.55;0.0;33124.0
4.575;0.0;33489.0
4.6000000000000005;0.0;33856.0
4.625;0.0;34225.0
4.65;0.0;34596.0
4.675;0.0;34969.0
4.7;0.0;35344.0
4.7250000000000005;0.0;35721.0
4.75;0.0;36100.0
4.775;0.0;36481.0
4.800000000000001;0.0;36864.0
4.825;0.0;37249.0
4.8500000000000005;0.0;37636.0
4.875;0.0;38025.0
4.9;0.0;38416.0
4.925000000000001;0.0;38809.0
4.95;0.0;39204.0
4.9750000000000005;0.0;39601.0
5.0;0.0;40000.0
5.025;0.0;40401.0
5.050000000000001;0.0;40804.0
5.075;0.0;41209.0
5.1000000000000005;0.0;41616.0
5.125;0.0;42025.0
5.15;0.0;42436.0
5.175000000000001;0.0;42849.0
5.2;0.0;43264.0
5.2250000000000005;0.0;43681.0
5.25;0.0;44100.0
5.275;0.0;44521.0
5.300000000000001;0.0;44944.0
5.325;0.0;45369.0
5.3500000000000005;0.0;45796.0
5.375;0.0;46225.0
5.4;0.0;46656.0
5.425000000000001;0.0;47089.0
5.45;0.0;47524.0
5.4750000000000005;0.0;47961.0
5.5;0.0;48400.0
5.525;0.0;48841.0
5.550000000000001;0.0;49284.0
5.575;0.0;49729.0
5.6000000000000005;0.0;50176.0
5.625;0.0;50625.0
5.65;0.0;51076.0
5.675000000000001;0.0;51529.0
5.7;0.0;51984.0
5.7250000000000005;0.0;52441.0
5.75;0.0;52900.0
5.775;0.0;53361.0
5.800000000000001;0.0;53824.0
5.825;0.0;54289.0
5.8500000000000005;0.0;54756.0
5.875;0.0;55225.0
5.9;0.0;55696.0
5.925000000000001;0.0;56169.0
5.95;0.0;56644.0
5.9750000000000005;0.0;57121.0
6.0;0.0;57600.0
6.025;0.0;58081.0
6.050000000000001;0.0;58564.0
6.075;0.0;59049.0
6.1000000000000005;0.0;59536.0
6.125;0.0;60025.0
6.15;0.0;60516.0
6.175000000000001;0.0;61009.0
6.2;0.0;61504.0
6.2250000000000005;0.0;62001.0
6.25;0.0;62500.0
6.275;0.0;63001.0
6.300000000000001;0.0;63504.0
6.325;0.0;64009.0
6.3500000000000005;0.0;64516.0
6.375;0.0;65025.0
6.4;0.0;65536.0
6.425000000000001;0.0;66049.0
6.45;0.0;66564.0
6.4750000000000005;0.0;67081.0
6.5;0.0;67600.0
6.525;0.0;68121.0
6.550000000000001;0.0;68644.0
6.575;0.0;69169.0
6.6000000000000005;0.0;69696.0
6.625;0.0;70225.0
6.65;0.0;70756.0
6.675000000000001;0.0;71289.0
6.7;0.0;71824.0
6.7250000000000005;0.0;72361.0
6.75;0.0;72900.0
6.775;0.0;73441.0
6.800000000000001;0.0;73984.0
6.825;0.0;74529.0
6.8500000000000005;0.0;75076.0
6.875;0.0;75625.0
6.9;0.0;76176.0
6.925000000000001;0.0;76729.0
6.95;0.0;77284.0
6.9750000000000005;0.0;77841.0
7.0;0.0;78400.0
7.025;0.0;78961.0
7.050000000000001;0.0;79524.0
7.075;0.0;80089.0
7.1000000000000005;0.0;80656.0
7.125;0.0;81225.0
7.15;0.0;81796.0
7.175000000000001;0.0;82369.0
7.2;0.0;82944.0
7.2250000000000005;0.0;83521.0
7.25;0.0;84100.0
7.275;0.0;84681.0
7.300000000000001;0.0;85264.0
7.325;0.0;85849.0
7.3500000000000005;0.0;86436.0
7.375;0.0;87025.0
7.4;0.0;87616.0
7.425000000000001;0.0;88209.0
7.45;0.0;88804.0
7.4750000000000005;0.0;89401.0
7.5;0.0;90000.0
7.525;0.0;90601.0
7.550000000000001;0.0;91204.0
7.575;0.0;91809.0
7.6000000000000005;0.0;92416.0
7.625;0.0;93025.0
7.65;0.0;93636.0
7.675000000000001;0.0;94249.0
7.7;0.0;94864.0
7.7250000000000005;0.0;95481.0
7.75;0.0;96100.0
7.775;0.0;96721.0
7.800000000000001;0.0;97344.0
7.825;0.0;97969.0
7.8500000000000005;0.0;98596.0
7.875;0.0;99225.0
7.9;0.0;99856.0
7.925000000000001;0.0;100489.0
7.95;0.0;101124.0
7.9750000000000005;0.0;101761.0
8.0;0.0;102400.0
8.025;0.0;103041.0
8.05;0.0;103684.0
8.075000000000001;0.0;104329.0
8.1;0.0;104976.0
8.125;0.0;105625.0
8.15;0.0;106276.0
8.175;0.0;106929.0
8.200000000000001;0.0;107584.0
8.225;0.0;108241.0
8.25;0.0;108900.0
8.275;0.0;109561.0
8.3;0.0;110224.0
8.325000000000001;0.0;110889.0
8.35;0.0;111556.0
8.375;0.0;112225.0
8.4;0.0;112896.0
8.425;0.0;113569.0
8.450000000000001;0.0;114244.0
8.475;0.0;114921.0
8.5;0.0;115600.0
8.525;0.0;116281.0
8.55;0.0;116964.0
8.575000000000001;0.0;117649.0
8.6;0.0;118336.0
8.625;0.0;119025.0
8.65;0.0;119716.0
8.675;0.0;120409.0
8.700000000000001;0.0;121104.0
8.725;0.0;121801.0
8.75;0.0;122500.0
8.775;0.0;123201.0
8.8;0.0;123904.0
8.825000000000001;0.0;124609.0
8.85;0.0;125316.0
8.875;0.0;126025.0
8.9;0.0;126736.0
8.925;0.0;127449.0
8.950000000000001;0.0;128164.0
8.975;0.0;128881.0
9.0;0.0;129600.0
9.025;0.0;130321.0
9.05;0.0;131044.0
9.075000000000001;0.0;131769.0
9.1;0.0;132496.0
9.125;0.0;133225.0
9.15;0.0;133956.0
9.175;0.0;134689.0
9.200000000000001;0.0;135424.0
9.225;0.0;136161.0
9.25;0.0;136900.0
9.275;0.0;137641.0
9.3;0.0;138384.0
9.325000000000001;0.0;139129.0
9.35;0.0;139876.0
9.375;0.0;140625.0
9.4;0.0;141376.0
9.425;0.0;142129.0
9.450000000000001;0.0;142884.0
9.475;0.0;143641.0
9.5;0.0;144400.0
9.525;0.0;145161.0
9.55;0.0;145924.0
9.575000000000001;0.0;146689.0
9.600000000000001;0.0;147456.0
9.625;0.0;148225.0
9.65;0.0;148996.0
9.675;0.0;149769.0
9.700000000000001;0.0;150544.0
9.725000000000001;0.0;151321.0
9.75;0.0;152100.0
9.775;0.0;152881.0
9.8;0.0;153664.0
9.825000000000001;0.0;154449.0
9.850000000000001;0.0;155236.0
9.875;0.0;156025.0
9.9;0.0;156816.0
9.925;0.0;157609.0
9.950000000000001;0.0;158404.0
9.975000000000001;0.0;159201.0
10.0;0.0;160000.0
