0.0 0.0
0.0125 3.765499789223257E-185
0.025 1.1447119359238663E-182
0.037500000000000006 1.7428239224440896E-180
0.05 1.7718713643681368E-178
0.0625 1.353267613070116E-176
0.07500000000000001 8.282008249158574E-175
0.08750000000000001 4.2307347405410144E-173
0.1 1.8554851795311292E-171
0.1125 7.132052222998656E-170
0.125 2.4407608677201453E-168
0.1375 7.529802966323374E-167
0.15000000000000002 2.1152095685880507E-165
0.1625 5.455539077746212E-164
0.17500000000000002 1.3009536345531362E-162
0.1875 2.885374689180761E-161
0.2 5.982452783755116E-160
0.21250000000000002 1.1647332089239498E-158
0.225 2.137679021750401E-157
0.23750000000000002 3.7113482263749437E-156
0.25 6.114142229351359E-155
0.2625 9.584239495684041E-154
0.275 1.4331251868470446E-152
0.28750000000000003 2.0488012636378123E-151
0.30000000000000004 2.806092445457095E-150
0.3125 3.6890222681862017E-149
0.325 4.663171157715367E-148
0.3375 5.676839561417331E-147
0.35000000000000003 6.665442330237626E-146
0.36250000000000004 7.558638146895334E-145
0.375 8.28902878890175E-144
0.3875 8.800856799826395E-143
0.4 9.057102556353917E-142
0.41250000000000003 9.043734222892403E-141
0.42500000000000004 8.770488672008527E-140
0.4375 8.268281880297438E-139
0.45 7.58397845344725E-138
0.4625 6.773652582340764E-137
0.47500000000000003 5.895586269517417E-136
0.48750000000000004 5.0040967101093797E-135
0.5 4.144946038012505E-134
0.5125000000000001 3.3526730316608825E-133
0.525 2.6498005910585958E-132
0.5375 2.0475867425555432E-131
0.55 1.547832077493629E-130
0.5625 1.145227492369673E-129
0.5750000000000001 8.297924691882384E-129
0.5875 5.890749645792814E-128
0.6000000000000001 4.099202015498259E-127
0.6125 2.7973798376418473E-126
0.625 1.8728996068714265E-125
0.6375000000000001 1.230746067075305E-124
0.65 7.941199601355085E-124
0.6625000000000001 5.033076326531924E-123
0.675 3.134515064029793E-122
0.6875 1.9188911275210892E-121
0.7000000000000001 1.1551049699292346E-120
0.7125 6.839531656883173E-120
0.7250000000000001 3.9847643060502266E-119
0.7375 2.2849832944449495E-118
0.75 1.2900178549889979E-117
0.7625000000000001 7.172400989302935E-117
0.775 3.928341860909587E-116
0.7875000000000001 2.12004785210111E-115
0.8 1.1276797913187738E-114
0.8125 5.913412709399378E-114
0.8250000000000001 3.0577921669561797E-113
0.8375 1.5595417461508507E-112
0.8500000000000001 7.8470082569515225E-112
0.8625 3.896055401763392E-111
0.875 1.909207227240816E-110
0.8875000000000001 9.235879721907207E-110
0.9 4.411522068235333E-109
0.9125000000000001 2.080984719090718E-108
0.925 9.69621993574941E-108
0.9375 4.46344063554201E-107
0.9500000000000001 2.0302486362899187E-106
0.9625 9.126771417274525E-106
0.9750000000000001 4.0555326999328705E-105
0.9875 1.781614738666514E-104
1.0 7.739008886677682E-104
1.0125 3.3245377087838137E-103
1.0250000000000001 1.412597828286079E-102
1.0375 5.93762107628887E-102
1.05 2.4693168187244635E-101
1.0625 1.0161871879272638E-100
1.075 4.138699206321629E-100
1.0875000000000001 1.668424299691886E-99
1.1 6.6582408586311846E-99
1.1125 2.6307487163757848E-98
1.125 1.0292510706286108E-97
1.1375 3.987854967335482E-97
1.1500000000000001 1.5303339540341374E-96
1.1625 5.817193338594912E-96
1.175 2.1906433080166854E-95
1.1875 8.173538156038705E-95
1.2000000000000002 3.0218790648062043E-94
1.2125000000000001 1.1071842656172548E-93
1.225 4.020544328143484E-93
1.2375 1.4471623262870805E-92
1.25 5.163705558507969E-92
1.2625000000000002 1.8266737986400857E-91
1.2750000000000001 6.407054735918528E-91
1.2875 2.228412160707277E-90
1.3 7.686226403413528E-90
1.3125 2.6293688008058808E-89
1.3250000000000002 8.921745876049112E-89
1.3375000000000001 3.0029408295990497E-88
1.35 1.0027210179410551E-87
1.3625 3.3219033799615138E-87
1.375 1.0919527097046868E-86
1.3875000000000002 3.561774025879128E-86
1.4000000000000001 1.152947883477283E-85
1.4125 3.703976424685285E-85
1.425 1.1810704182578621E-84
1.4375 3.7382265762497313E-84
1.4500000000000002 1.1745467764591538E-83
1.4625000000000001 3.66371702764235E-83
1.475 1.1346238733928144E-82
1.4875 3.4889217770295416E-82
1.5 1.065295930215397E-81
1.5125000000000002 3.2301218279481145E-81
1.5250000000000001 9.726722124757706E-81
1.5375 2.9089882385125467E-80
1.55 8.641192250225372E-80
1.5625 2.5497026836660582E-79
1.5750000000000002 7.473379781323161E-79
1.5875000000000001 2.176121907586397E-78
1.6 6.295273857745428E-78
1.6125 1.809411834395495E-77
1.625 5.167462756703598E-77
1.6375000000000002 1.4664246219485222E-76
1.6500000000000001 4.1353238404965303E-76
1.6625 1.1589140879994386E-75
1.675 3.2278181481727894E-75
1.6875 8.935251229550345E-75
1.7000000000000002 2.458486333018048E-74
1.7125000000000001 6.723806781226688E-74
1.725 1.8279814104571612E-73
1.7375 4.940374103248264E-73
1.75 1.3273989377819922E-72
1.7625000000000002 3.5458339483572E-72
1.7750000000000001 9.417422037000737E-72
1.7875 2.4869295768863068E-71
1.8 6.530306311678487E-71
1.8125 1.705150549498993E-70
1.8250000000000002 4.4276290110927794E-70
1.8375000000000001 1.1433493778727826E-69
1.85 2.936334834167155E-69
1.8625 7.500158550697378E-69
1.875 1.9054285137327247E-68
1.8875000000000002 4.814941996390652E-68
1.9000000000000001 1.210275443395418E-67
1.9125 3.026150131735244E-67
1.925 7.527103417959558E-67
1.9375 1.8625772507266193E-66
1.9500000000000002 4.5852951926142223E-66
1.9625000000000001 1.1230633708758025E-65
1.975 2.7367953062586666E-65
1.9875 6.635877642152637E-65
2.0 1.600991812871158E-64
2.0125 3.843536531934903E-64
2.025 9.182064447874016E-64
2.0375 2.1828964447652268E-63
2.0500000000000003 5.164463969194259E-63
2.0625 1.2159965399329025E-62
2.075 2.8495077752844554E-62
2.0875 6.645888198040708E-62
2.1 1.5427549944726868E-61
2.1125000000000003 3.5646469122826375E-61
2.125 8.198348989573011E-61
2.1375 1.8768999813752056E-60
2.15 4.2773525412623223E-60
2.1625 9.703810802950116E-60
2.1750000000000003 2.19157809531536E-59
2.1875 4.927569633974721E-59
2.2 1.103020148171145E-58
2.2125 2.4582298207198474E-58
2.225 5.454604033072945E-58
2.2375000000000003 1.2050883167771538E-57
2.25 2.650955641635813E-57
2.2625 5.80666632378797E-57
2.275 1.2664989767304866E-56
2.2875 2.750736386497154E-56
2.3000000000000003 5.949379968275871E-56
2.3125 1.2814018752204364E-55
2.325 2.7485401603029883E-55
2.3375 5.871295456160577E-55
2.35 1.249087320208647E-54
2.3625000000000003 2.646613031700007E-54
2.375 5.585197219697846E-54
2.3875 1.173947049572043E-53
2.4000000000000004 2.4577166779025344E-53
2.4125 5.125068761467193E-53
2.4250000000000003 1.064543190899343E-52
2.4375 2.2025897004975333E-52
2.45 4.5396414149376236E-52
2.4625000000000004 9.320471998017798E-52
2.475 1.9063091971157218E-51
2.4875000000000003 3.884171679873548E-51
2.5 7.884307869848879E-51
2.5125 1.5944068469256273E-50
2.5250000000000004 3.2122946545920606E-50
2.5375 6.447960529604784E-50
2.5500000000000003 1.2895261548993914E-49
2.5625 2.569500137881611E-49
2.575 5.101379766509259E-49
2.5875000000000004 1.0091527310033288E-48
2.6 1.9891429525370325E-48
2.6125000000000003 3.9068295296484516E-48
2.625 7.646130794001861E-48
2.6375 1.4911698320073373E-47
2.6500000000000004 2.8979431229141125E-47
2.6625 5.612277216311767E-47
2.6750000000000003 1.0831383595435318E-46
2.6875 2.0832111478129465E-46
2.7 3.992970091302346E-46
2.7125000000000004 7.627479151337484E-46
2.725 1.4521013049186014E-45
2.7375000000000003 2.7551949987069354E-45
2.75 5.2102174444913144E-45
2.7625 9.82009972114138E-45
2.7750000000000004 1.8447642332245636E-44
2.7875 3.454133074055511E-44
2.8000000000000003 6.446421626622217E-44
2.8125 1.1991898421115834E-43
2.825 2.2235906397378097E-43
2.8375000000000004 4.1098634247151595E-43
2.85 7.572050824912532E-43
2.8625000000000003 1.3906603613399225E-42
2.875 2.5459966767790148E-42
2.8875 4.646559412716938E-42
2.9000000000000004 8.45375577036677E-42
2.9125 1.5332748238758943E-41
2.9250000000000003 2.772361857314692E-41
2.9375 4.997431591043843E-41
2.95 8.980865578840568E-41
2.9625000000000004 1.6090562535409641E-40
2.975 2.8741748505966563E-40
2.9875000000000003 5.118600528312088E-40
3.0 9.088505827756304E-40
3.0125 1.608955330819906E-39
3.0250000000000004 2.8399631840743077E-39
3.0375 4.998107359418051E-39
3.0500000000000003 8.770603131026335E-39
3.0625 1.5345857094850626E-38
3.075 2.677302194927081E-38
3.0875000000000004 4.657521613678425E-38
3.1 8.079234865124053E-38
3.1125000000000003 1.3974942509087928E-37
3.125 2.410464755572539E-37
3.1375 4.14599680785479E-37
3.1500000000000004 7.111168518211277E-37
3.1625 1.2163068758092563E-36
3.1750000000000003 2.074635661622408E-36
3.1875 3.528931683979009E-36
3.2 5.986232714568115E-36
3.2125000000000004 1.0126958276262618E-35
3.225 1.7085418509016753E-35
3.2375000000000003 2.874745777395558E-35
3.25 4.82399099321367E-35
3.2625 8.0733299275535E-35
3.2750000000000004 1.3475471921534366E-34
3.2875 2.243293972706911E-34
3.3000000000000003 3.7246470547604463E-34
3.3125 6.168031059784762E-34
3.325 1.0187700834938748E-33
3.3375000000000004 1.6783390086654314E-33
3.35 2.757799528179739E-33
3.3625000000000003 4.519920293615843E-33
3.375 7.389064806196773E-33
3.3875 1.204881356004531E-32
3.4000000000000004 1.959749910702558E-32
3.4125 3.1795377925188533E-32
3.4250000000000003 5.145643162237044E-32
3.4375 8.30678560769664E-32
3.45 1.3376709167106155E-31
3.4625000000000004 2.148788938517225E-31
3.475 3.443274380154946E-31
3.4875000000000003 5.504122170042131E-31
3.5 8.777042224453484E-31
3.5125 1.3962303927638335E-30
3.5250000000000004 2.2157451849378663E-30
3.5375 3.507852959899216E-30
3.5500000000000003 5.5402168230171054E-30
3.5625 8.729329683787436E-30
3.575 1.3721724181079244E-29
3.5875000000000004 2.1518648716302256E-29
3.6 3.3667018529187655E-29
3.6125000000000003 5.255117934154608E-29
3.625 8.183765616903566E-29
3.6375 1.2715151277915125E-28
3.6500000000000004 1.9710253286495603E-28
3.6625 3.0483853221043217E-28
3.6750000000000003 4.703911326242158E-28
3.6875 7.242101215253489E-28
3.7 1.1124764161653032E-27
3.7125000000000004 1.705070424924832E-27
3.725 2.607495758893711E-27
3.7375000000000003 3.978681221567167E-27
3.75 6.0574990400338104E-27
3.7625 9.202178250198754E-27
3.7750000000000004 1.394875278689408E-26
3.7875 2.1097544036979315E-26
3.8000000000000003 3.184084070904643E-26
3.8125 4.7950984733078057E-26
3.825 7.205683235544267E-26
3.8375000000000004 1.0804922519043069E-25
3.85 1.61674376861083E-25
3.8625000000000003 2.4140037937994806E-25
3.875 3.5967980328774484E-25
3.8875 5.347854915261059E-25
3.9000000000000004 7.934740424711233E-25
3.9125 1.1748419054198915E-24
3.9250000000000003 1.735896228644617E-24
3.9375 2.5595859471139638E-24
3.95 3.766355207645753E-24
3.9625000000000004 5.530729085814517E-24
3.975 8.105073704342347E-24
3.9875000000000003 1.185356325996901E-23
4.0 1.7300637941232953E-23
4.0125 2.5199991985269722E-23
4.025 3.663258780321719E-23
4.0375000000000005 5.314562328553702E-23
4.05 7.694916163281143E-23
4.0625 1.1119378446553056E-22
4.075 1.6036186095512994E-22
4.0875 2.3081781302829673E-22
4.1000000000000005 3.315804320706152E-22
4.1125 4.754046844132153E-22
4.125 6.802940071347911E-22
4.1375 9.716102064647982E-22
4.15 1.385011289810246E-21
4.1625000000000005 1.9705340613796654E-21
4.175 2.798256425114229E-21
4.1875 3.966135298496448E-21
4.2 5.610834950718093E-21
4.2125 7.92265770898956E-21
4.2250000000000005 1.1166091476075064E-20
4.2375 1.570803265755779E-20
4.25 2.2056477312525156E-20
4.2625 3.091346205211162E-20
4.275 4.3247365022272063E-20
4.2875000000000005 6.039145972293263E-20
4.3 8.417800062519884E-20
4.3125 1.1712030789105735E-19
4.325 1.6265957038076027E-19
4.3375 2.254987453917617E-19
4.3500000000000005 3.120534515872119E-19
4.3625 4.310597197217047E-19
4.375 5.943916573410955E-19
4.3875 8.181595077792441E-19
4.4 1.1241815549016821E-18
4.4125000000000005 1.541953551796594E-18
4.425 2.111279050793018E-18
4.4375 2.8857760543158045E-18
4.45 3.937543500982709E-18
4.4625 5.363360034262087E-18
4.4750000000000005 7.29290343249365E-18
4.4875 9.8996299250147E-18
4.5 1.341514853139497E-17
4.5125 1.814817953390007E-17
4.525 2.4509514828729565E-17
4.5375000000000005 3.304482236847574E-17
4.55 4.4477684148970176E-17
4.5625 5.976596143318667E-17
4.575 8.017548553698518E-17
4.5875 1.0737623244138014E-16
4.6000000000000005 1.4356762410823586E-16
4.6125 1.9164149611189614E-16
4.625 2.5539369010487775E-16
4.6375 3.397983089323521E-16
4.65 4.513625851815375E-16
4.6625000000000005 5.985852774339107E-16
4.675 7.925477933078916E-16
4.6875 1.0476751821714372E-15
4.7 1.3827141633058792E-15
4.7125 1.821987979147234E-15
4.7250000000000005 2.3970037349614924E-15
4.7375 3.148507806489347E-15
4.75 4.129109854556024E-15
4.7625 5.406627199507158E-15
4.775 7.06834027888055E-15
4.7875000000000005 9.226398481830951E-15
4.800000000000001 1.2024676083033408E-14
4.8125 1.564745305242887E-14
4.825 2.0330388573365418E-14
4.8375 2.6374370279571662E-14
4.8500000000000005 3.416296453448416E-14
4.862500000000001 4.418436861563067E-14
4.875 5.705898181830601E-14
4.8875 7.357397819740469E-14
4.9 9.472658972656982E-14
4.9125000000000005 1.217782080980582E-13
4.925000000000001 1.563219018987409E-13
4.9375 2.0036654232364652E-13
4.95 2.56441457533208E-13
4.9625 3.27726420287366E-13
4.9750000000000005 4.1821284794130717E-13
4.987500000000001 5.329033968442201E-13
5.0 6.780587105813183E-13
5.0125 8.615019879375262E-13
5.025 1.0929943367090999E-12
5.0375000000000005 1.3846966502457749E-12
5.050000000000001 1.7517370755279524E-12
5.0625 2.2129071416301185E-12
5.075 2.7915144115536438E-12
5.0875 3.5164252566938233E-12
5.1000000000000005 4.423338205363746E-12
5.112500000000001 5.556336488290524E-12
5.125 6.969778132667345E-12
5.1375 8.73059351970212E-12
5.15 1.0921074041855493E-11
5.1625000000000005 1.3642251750825001E-11
5.175000000000001 1.7017989111753234E-11
5.1875 2.1199920677995456E-11
5.2 2.6373415257690334E-11
5.2125 3.27647586316922E-11
5.2250000000000005 4.0649793877568836E-11
5.237500000000001 5.0364299747613516E-11
5.25 6.231643836262675E-11
5.2625 7.700166288830944E-11
5.275 9.502054519536522E-11
5.2875000000000005 1.1710006429380194E-10
5.300000000000001 1.441189903135476E-10
5.3125 1.771381079509172E-10
5.325 2.1743614985147606E-10
5.3375 2.6655245688681485E-10
5.3500000000000005 3.2633755156566764E-10
5.362500000000001 3.9901300612215704E-10
5.375 4.872422117715491E-10
5.3875 5.942139142867336E-10
5.4 7.237406779858434E-10
5.4125000000000005 8.803747805294154E-10
5.425000000000001 1.0695444302892377E-9
5.4375 1.2977136427985428E-9
5.45 1.5725696199530416E-9
5.4625 1.9032420529940327E-9
5.4750000000000005 2.300559426482409E-9
5.487500000000001 2.777348144969874E-9
5.5 3.3487811473534257E-9
5.5125 4.032783627451618E-9
5.525 4.850504555756162E-9
5.5375000000000005 5.826863910351496E-9
5.550000000000001 6.991186889663002E-9
5.5625 8.377937912311778E-9
5.575 1.0027568927625224E-8
5.5875 1.1987498483435407E-8
5.6000000000000005 1.431324014636381E-8
5.612500000000001 1.7069701266087718E-8
5.625 2.0332675742981706E-8
5.6375 2.4190557423567358E-8
5.65 2.8746304037627194E-8
5.6625000000000005 3.411968523361067E-8
5.675000000000001 4.0449852295777235E-8
5.6875 4.789827156980425E-8
5.7 5.665206851745126E-8
5.7125 6.69278347010833E-8
5.7250000000000005 7.89759559027571E-8
5.737500000000001 9.308552604899378E-8
5.75 1.0958991868148282E-7
5.7625 1.2887309542717464E-7
5.775 1.5137673932092228E-7
5.7875000000000005 1.776083099632179E-7
5.800000000000001 2.0815012739835206E-7
5.8125 2.436696023184353E-7
5.825 2.8493074177997085E-7
5.8375 3.328070721053345E-7
5.8500000000000005 3.8829613407392947E-7
5.862500000000001 4.52535719927796E-7
5.875 5.268220371629651E-7
5.8875 6.126300005871276E-7
5.9 7.11635871729345E-7
5.9125000000000005 8.257424834177198E-7
5.925000000000001 9.571073072206974E-7
5.9375 1.108173642496112E-6
5.95 1.281705228022044E-6
5.9625 1.4808246006007756E-6
5.9750000000000005 1.7090555496293146E-6
5.987500000000001 1.9703700424058607E-6
6.0 2.2692400218700363E-6
6.0125 2.6106945065236477E-6
6.025 3.000382451404256E-6
6.0375000000000005 3.444641859129074E-6
6.050000000000001 3.950575661121116E-6
6.0625 4.5261349210875575E-6
6.075 5.180209945540922E-6
6.0875 5.922729919519108E-6
6.1000000000000005 6.764771719535433E-6
6.112500000000001 7.718678590021402E-6
6.125 8.798189403940878E-6
6.1375 1.001857926266321E-5
6.15 1.1396812224373783E-5
6.1625000000000005 1.2951706984041907E-5
6.175000000000001 1.4704116361007024E-5
6.1875 1.6677121482313185E-5
6.2 1.8896241580727485E-5
6.2125 2.138966035561003E-5
6.2250000000000005 2.4188469872131217E-5
6.237500000000001 2.732693299940973E-5
6.25 3.084276541060699E-5
6.2625 3.4777438187481826E-5
6.275 3.917650208798896E-5
6.2875000000000005 4.408993454779212E-5
6.300000000000001 4.957251049464137E-5
6.3125 5.568419805801391E-5
6.325 6.249058025481008E-5
6.3375 7.006330372480527E-5
6.3500000000000005 7.84805555765561E-5
6.362500000000001 8.78275693851262E-5
6.375 9.81971613569199E-5
6.3875 1.0969029764369317E-4
6.4 1.2241669374706785E-4
6.4125000000000005 1.36495446906248E-4
6.425000000000001 1.520557023047898E-4
6.4375 1.6923735386690738E-4
6.45 1.8819178033963505E-4
6.4625 2.0908261727398282E-4
6.4750000000000005 2.3208656542583379E-4
6.487500000000001 2.573942359955994E-4
6.5 2.8521103301449354E-4
6.5125 3.1575807306468E-4
6.525 3.4927314239052975E-4
6.5375000000000005 3.8601169131889657E-4
6.550000000000001 4.262478657578529E-4
6.5625 4.702755753859683E-4
6.575 5.184095979782767E-4
6.5875 5.709867191409674E-4
6.6000000000000005 6.283669065450163E-4
6.612500000000001 6.909345175600128E-4
6.625 7.59099538993961E-4
6.6375 8.332988574435694E-4
6.65 9.139975585532751E-4
6.6625000000000005 0.001001690253270859
6.675000000000001 0.0010969024289739558
6.6875 0.0012001918231260458
6.7 0.001312149816903764
6.7125 0.0014334028460206896
6.7250000000000005 0.001564613825757456
6.737500000000001 0.0017064835869952477
6.75 0.0018597523198409247
6.7625 0.0020252010212284117
6.775 0.002203652942684059
6.7875000000000005 0.0023959750342547725
6.800000000000001 0.002603079380418318
6.8125 0.0028259246236266348
6.825 0.003065517370976804
6.8375 0.0033229135793617763
6.8500000000000005 0.003599219914325487
6.862500000000001 0.0038955950777359513
6.875 0.004213251099296469
6.8875 0.0045534545868405754
6.9 0.004917527930301784
6.9125000000000005 0.0053068504542157285
6.925000000000001 0.0057228595136007854
6.9375 0.006167051528074656
6.95 0.00664098294909934
6.9625 0.007146271155306066
6.9750000000000005 0.0076845952709355715
6.987500000000001 0.008257696902537947
7.0 0.00886738078921024
7.0125 0.00951551536180926
7.025 0.01020403320676136
7.0375000000000005 0.010934931430300101
7.050000000000001 0.011710271919196272
7.0625 0.01253218149430203
7.075 0.013402851953511208
7.0875 0.014324540001040347
7.1000000000000005 0.015299567060258257
7.112500000000001 0.016330318967635166
7.125 0.01741924554574402
7.1375 0.01856886005362487
7.15 0.019781738513216855
7.1625000000000005 0.021060518910969214
7.175000000000001 0.022407900274161407
7.1875 0.023826641621890274
7.2 0.025319560791117753
7.2125 0.02688953313861344
7.2250000000000005 0.028539490120069993
7.237500000000001 0.030272417748114205
7.25 0.0320913549313796
7.2625 0.033999391697245765
7.275 0.035999667301282956
7.2875000000000005 0.03809536822686531
7.300000000000001 0.040289726078830204
7.3125 0.04258601537546255
7.325 0.04498755124346909
7.3375 0.04749768702097704
7.3500000000000005 0.05011981177394109
7.362500000000001 0.052857347731672506
7.375 0.055713747647509713
7.3875 0.05869249209093224
7.4 0.06179708667767595
7.4125000000000005 0.06503105924463636
7.425000000000001 0.06839795697654752
7.4375 0.07190134349159563
7.45 0.07554479589326682
7.4625 0.07933190179584003
7.4750000000000005 0.08326625633101385
7.487500000000001 0.08735145914320454
7.5 0.09159111138106749
7.5125 0.09598881269277955
7.525 0.10054815823257165
7.5375000000000005 0.10527273568592402
7.550000000000001 0.11016612232072814
7.5625 0.11523188207158162
7.575 0.12047356266421697
7.5875 0.1258946927868716
7.6000000000000005 0.1314987793151872
7.612500000000001 0.1372893045969827
7.625 0.14326972380297806
7.6375 0.14944346234925732
7.65 0.1558139133969506
7.6625000000000005 0.16238443543428946
7.675000000000001 0.16915834994584578
7.6875 0.1761389391734095
7.7 0.1833294439725902
7.7125 0.1907330617688491
7.7250000000000005 0.19835294461628142
7.737500000000001 0.20619219736207486
7.75 0.21425387591917355
7.7625 0.22254098564927693
7.775 0.23105647985790462
7.7875000000000005 0.23980325840285954
7.800000000000001 0.24878416641702922
7.8125 0.258001993146076
7.825 0.26745947090118716
7.8375 0.27715927412668206
7.8500000000000005 0.2871040185819142
7.862500000000001 0.2972962606365552
7.875 0.3077384966780104
7.8875 0.3184331626293965
7.9 0.3293826335762021
7.9125000000000005 0.3405892234994646
7.925000000000001 0.3520551851130227
7.9375 0.36378270980215077
7.95 0.3757739276606446
7.9625 0.3880309076232118
7.9750000000000005 0.40055565768982404
7.987500000000001 0.4133501252385101
8.0 0.4264161974229133
8.012500000000001 0.4397557016507967
8.025 0.4533704061395669
8.0375 0.46726202054478455
8.05 0.4814321966575552
8.0625 0.495882529166633
8.075000000000001 0.5106145564810297
8.0875 0.5256297616088987
8.1 0.5409295730884567
8.1125 0.5565153659667179
8.125 0.5723884628218451
8.137500000000001 0.5885501348249563
8.15 0.6050016028372909
8.1625 0.6217440385386998
8.175 0.6387785655835138
8.1875 0.656106260779931
8.200000000000001 0.67372815528917
8.2125 0.6916452358407482
8.225 0.7098584459603691
8.2375 0.7283686872070227
8.25 0.7471768204160503
8.262500000000001 0.7662836669450552
8.275 0.7856900099196942
8.2875 0.8053965954765298
8.3 0.8254041340002782
8.3125 0.8457133013529406
8.325000000000001 0.8663247400924629
8.3375 0.8872390606787225
8.35 0.9084568426648016
8.3625 0.9299786358716544
8.375 0.9518049615444365
8.387500000000001 0.9739363134889121
8.4 0.9963731591865013
8.4125 1.0191159408866803
8.425 1.0421650766755863
8.4375 1.0655209615198131
8.450000000000001 1.089183968284525
8.4625 1.1131544487251344
8.475 1.1374327344519202
8.4875 1.16201913786708
8.5 1.186913953073817
8.512500000000001 1.2121174567571746
8.525 1.2376299090364333
8.5375 1.263451554288974
8.55 1.2895826219456081
8.5625 1.316023327257454
8.575000000000001 1.3427738720345173
8.5875 1.3698344453562106
8.6 1.397205224254104
8.6125 1.424886374367269
8.625 1.4528780505706245
8.637500000000001 1.4811803975767548
8.65 1.5097935505117013
8.6625 1.5387176354652787
8.675 1.567952770016498
8.6875 1.5974990637347113
8.700000000000001 1.6273566186571147
8.7125 1.6575255297432723
8.725 1.6880058853073392
8.7375 1.7187977674286783
8.75 1.7499012523415716
8.762500000000001 1.781316410804739
8.775 1.8130433084513793
8.7875 1.8450820061204458
8.8 1.8774325601698774
8.8125 1.910095022772491
8.825000000000001 1.9430694421952444
8.8375 1.976355863062559
8.85 2.009954326604401
8.8625 2.0438648708897853
8.875 2.078087531046371
8.887500000000001 2.1126223394667925
8.9 2.1474693260023683
8.9125 2.1826285181447878
8.925 2.218099941196393
8.9375 2.253883618429624
8.950000000000001 2.289979571236201
8.9625 2.326387819266579
8.975 2.3631083805602047
8.9875 2.4001412716670867
9.0 2.4374865077611543
9.012500000000001 2.4751441027458867
9.025 2.5131140693526515
9.0375 2.551396419232179
9.05 2.5899911630395986
9.0625 2.6288983105134083
9.075000000000001 2.6681178705487683
9.0875 2.7076498512654648
9.1 2.747494260070884
9.1125 2.787651103718317
9.125 2.828120388360905
9.137500000000001 2.8689021196015028
9.15 2.909996302538747
9.1625 2.951402941809571
9.175 2.993122041628425
9.1875 3.0351536058234196
9.200000000000001 3.0774976378696137
9.2125 3.120154140919649
9.225 3.163123117831921
9.2375 3.2064045711964653
9.25 3.249998503358731
9.262500000000001 3.293904916441386
9.275 3.338123812364323
9.2875 3.382655192862981
9.3 3.427499059505122
9.3125 3.472655413706181
9.325000000000001 3.5181242567433024
9.3375 3.5639055897681606
9.35 3.6099994138186684
9.3625 3.656405729829654
9.375 3.7031245386426037
9.387500000000001 3.7501558410145273
9.4 3.797499637626041
9.4125 3.8451559290887114
9.425 3.893124715951739
9.4375 3.9414059987080265
9.450000000000001 3.989999777799692
9.4625 4.038906053623068
9.475 4.088124826533233
9.4875 4.137656096848124
9.5 4.187499864852257
9.512500000000001 4.237656130800087
9.525 4.288124894919052
9.5375 4.33890615741233
9.55 4.389999918461318
9.5625 4.441406178227873
9.575000000000001 4.493124936856337
9.5875 4.5451561944753545
9.600000000000001 4.5974999511995165
9.6125 4.650156207130838
9.625 4.703124962360082
9.637500000000001 4.756406216967963
9.65 4.809999971026208
9.662500000000001 4.863906224598531
9.675 4.918124977741489
9.6875 4.972656230505262
9.700000000000001 5.027499982934343
9.7125 5.082656235068168
9.725000000000001 5.1381249869416585
9.7375 5.193906238585734
9.75 5.249999990027748
9.762500000000001 5.306406241291886
9.775 5.3631249923995234
9.787500000000001 5.42015624336954
9.8 5.4774999942186025
9.8125 5.5351562449614145
9.825000000000001 5.593124995610941
9.8375 5.651406246178608
9.850000000000001 5.709999996674484
9.8625 5.7689062471074255
9.875 5.828124997485231
9.887500000000001 5.887656247814755
9.9 5.947499998102024
9.912500000000001 6.007656248352329
9.925 6.068124998570316
9.9375 6.128906248760064
9.950000000000001 6.189999998925148
9.9625 6.251406249068703
9.975000000000001 6.313124999193472
9.9875 6.3751562493018605
10.0 6.437499999395973
