0.0 0.0
0.05 0.0025000000000000005
0.1 0.010000000000000002
0.15000000000000002 0.022500000000000006
0.2 0.04000000000000001
0.25 0.0625
0.30000000000000004 0.09000000000000002
0.35000000000000003 0.12250000000000003
0.4 0.16000000000000003
0.45 0.2025
0.5 0.25
0.55 0.30250000000000005
0.6000000000000001 0.3600000000000001
0.65 0.42250000000000004
0.7000000000000001 0.4900000000000001
0.75 0.5625
0.8 0.6400000000000001
0.8500000000000001 0.7225000000000001
0.9 0.81
0.9500000000000001 0.9025000000000001
1.0 1.0
1.05 1.1025
1.1 1.2100000000000002
1.1500000000000001 1.3225000000000002
1.2000000000000002 1.4400000000000004
1.25 1.5625
1.3 1.6900000000000002
1.35 1.8225000000000002
1.4000000000000001 1.9600000000000004
1.4500000000000002 2.1025000000000005
1.5 2.25
1.55 2.4025000000000003
1.6 2.5600000000000005
1.6500000000000001 2.7225000000000006
1.7000000000000002 2.8900000000000006
1.75 3.0625
1.8 3.24
1.85 3.4225000000000003
1.9000000000000001 3.6100000000000003
1.9500000000000002 3.8025000000000007
2.0 4.0
2.0500000000000003 4.2025000000000015
2.1 4.41
2.15 4.6225
2.2 4.840000000000001
2.25 5.0625
2.3000000000000003 5.290000000000001
2.35 5.522500000000001
2.4000000000000004 5.760000000000002
2.45 6.002500000000001
2.5 6.25
2.5500000000000003 6.502500000000001
2.6 6.760000000000001
2.6500000000000004 7.022500000000002
2.7 7.290000000000001
2.75 7.5625
2.8000000000000003 7.840000000000002
2.85 8.1225
2.9000000000000004 8.410000000000002
2.95 8.7025
3.0 9.0
3.0500000000000003 9.302500000000002
3.1 9.610000000000001
3.1500000000000004 9.922500000000003
3.2 10.240000000000002
3.25 10.5625
3.3000000000000003 10.890000000000002
3.35 11.2225
3.4000000000000004 11.560000000000002
3.45 11.902500000000002
3.5 12.25
3.5500000000000003 12.602500000000003
3.6 12.96
3.6500000000000004 13.322500000000003
3.7 13.690000000000001
3.75 14.0625
3.8000000000000003 14.440000000000001
3.85 14.822500000000002
3.9000000000000004 15.210000000000003
3.95 15.602500000000001
4.0 16.0
4.05 16.4025
4.1000000000000005 16.810000000000006
4.15 17.222500000000004
4.2 17.64
4.25 18.0625
4.3 18.49
4.3500000000000005 18.922500000000003
4.4 19.360000000000003
4.45 19.802500000000002
4.5 20.25
4.55 20.702499999999997
4.6000000000000005 21.160000000000004
4.65 21.622500000000002
4.7 22.090000000000003
4.75 22.5625
4.800000000000001 23.040000000000006
4.8500000000000005 23.522500000000004
4.9 24.010000000000005
4.95 24.5025
5.0 25.0
5.050000000000001 25.50250000000001
5.1000000000000005 26.010000000000005
5.15 26.522500000000004
5.2 27.040000000000003
5.25 27.5625
5.300000000000001 28.090000000000007
5.3500000000000005 28.622500000000006
5.4 29.160000000000004
5.45 29.7025
5.5 30.25
5.550000000000001 30.80250000000001
5.6000000000000005 31.360000000000007
5.65 31.922500000000003
5.7 32.49
5.75 33.0625
5.800000000000001 33.64000000000001
5.8500000000000005 34.222500000000004
5.9 34.81
5.95 35.4025
6.0 36.0
6.050000000000001 36.602500000000006
6.1000000000000005 37.21000000000001
6.15 37.822500000000005
6.2 38.440000000000005
6.25 39.0625
6.300000000000001 39.69000000000001
6.3500000000000005 40.322500000000005
6.4 40.96000000000001
6.45 41.6025
6.5 42.25
6.550000000000001 42.90250000000001
6.6000000000000005 43.56000000000001
6.65 44.222500000000004
6.7 44.89
6.75 45.5625
6.800000000000001 46.24000000000001
6.8500000000000005 46.92250000000001
6.9 47.61000000000001
6.95 48.3025
7.0 49.0
7.050000000000001 49.70250000000001
7.1000000000000005 50.41000000000001
7.15 51.1225
7.2 51.84
7.25 52.5625
7.300000000000001 53.29000000000001
7.3500000000000005 54.02250000000001
7.4 54.760000000000005
7.45 55.502500000000005
7.5 56.25
7.550000000000001 57.00250000000001
7.6000000000000005 57.760000000000005
7.65 58.52250000000001
7.7 59.290000000000006
7.75 60.0625
7.800000000000001 60.84000000000001
7.8500000000000005 61.62250000000001
7.9 62.410000000000004
7.95 63.2025
8.0 64.0
8.05 64.80250000000001
8.1 65.61
8.15 66.4225
8.200000000000001 67.24000000000002
8.25 68.0625
8.3 68.89000000000001
8.35 69.7225
8.4 70.56
8.450000000000001 71.40250000000002
8.5 72.25
8.55 73.1025
8.6 73.96
8.65 74.8225
8.700000000000001 75.69000000000001
8.75 76.5625
8.8 77.44000000000001
8.85 78.32249999999999
8.9 79.21000000000001
8.950000000000001 80.10250000000002
9.0 81.0
9.05 81.90250000000002
9.1 82.80999999999999
9.15 83.72250000000001
9.200000000000001 84.64000000000001
9.25 85.5625
9.3 86.49000000000001
9.35 87.4225
9.4 88.36000000000001
9.450000000000001 89.30250000000002
9.5 90.25
9.55 91.20250000000001
9.600000000000001 92.16000000000003
9.65 93.1225
9.700000000000001 94.09000000000002
9.75 95.0625
9.8 96.04000000000002
9.850000000000001 97.02250000000002
9.9 98.01
9.950000000000001 99.00250000000003
10.0 100.0
