0.0 0.0
0.05 1.7516230804060217E-48
0.1 1.3837822335207575E-46
0.15000000000000002 5.5005343782450085E-45
0.2 1.4668266837628063E-43
0.25 2.9520924847401605E-42
0.30000000000000004 4.782719962439139E-41
0.35000000000000003 6.497262054212828E-40
0.4 7.61234594697963E-39
0.45 7.852030783597905E-38
0.5 7.243492890874266E-37
0.55 6.050614659870306E-36
0.6000000000000001 4.622628640036493E-35
0.65 3.256931024715001E-34
0.7000000000000001 2.130946390233232E-33
0.75 1.3024056518069261E-32
0.8 7.47376219482884E-32
0.8500000000000001 4.044586257866045E-31
0.9 2.0722334165681866E-30
0.9500000000000001 1.0086176140534441E-29
1.0 4.678089178329554E-29
1.05 2.073278184825632E-28
1.1 8.801756103278722E-28
1.1500000000000001 3.587386693023822E-27
1.2000000000000002 1.40660129478056E-26
1.25 5.315672869706543E-26
1.3 1.939471186775764E-25
1.35 6.842748736459544E-25
1.4000000000000001 2.3379323784083504E-24
1.4500000000000002 7.745913275521489E-24
1.5 2.4917022244346002E-23
1.55 7.791274012311352E-23
1.6 2.3707287167296034E-22
1.6500000000000001 7.026805644898389E-22
1.7000000000000002 2.0307228271876706E-21
1.75 5.72728353829475E-21
1.8 1.57767560297264E-20
1.85 4.2481742657104424E-20
1.9000000000000001 1.1189940891130111E-19
1.9500000000000002 2.8853706357179466E-19
2.0 7.288109371791335E-19
2.0500000000000003 1.804444789643872E-18
2.1 4.381771699644122E-18
2.15 1.0441967409517568E-17
2.2 2.4433085600729162E-17
2.25 5.61646992058491E-17
2.3000000000000003 1.2689747693108686E-16
2.35 2.819372788585127E-16
2.4000000000000004 6.162520932615743E-16
2.45 1.3257406856060601E-15
2.5 2.8082315998719474E-15
2.5500000000000003 5.859408804326215E-15
2.6 1.2047211676138152E-14
2.6500000000000004 2.441686124203109E-14
2.7 4.879958371055401E-14
2.75 9.62081644615008E-14
2.8000000000000003 1.8716224587075042E-13
2.85 3.5939397742543166E-13
2.9000000000000004 6.813971608399629E-13
2.95 1.2759476737671987E-12
3.0 2.3604239539405164E-12
3.0500000000000003 4.315082679554457E-12
3.1 7.797287206694597E-12
3.1500000000000004 1.3930373915574215E-11
3.2 2.4612331528393044E-11
3.25 4.30146051428134E-11
3.3000000000000003 7.437920074114783E-11
3.35 1.272786359466029E-10
3.4000000000000004 2.1558623759358633E-10
3.45 3.6152497678440755E-10
3.5 6.00336651843893E-10
3.5500000000000003 9.873602198446265E-10
3.6 1.6086555858201582E-9
3.6500000000000004 2.5967927768997474E-9
3.7 4.154092212793816E-9
3.75 6.586508549939459E-9
3.8000000000000003 1.0352572430855388E-8
3.85 1.6133433512511425E-8
3.9000000000000004 2.49321972355173E-8
3.95 3.8213553220795695E-8
4.0 5.809831704762558E-8
4.05 8.763213922373707E-8
4.1000000000000005 1.3115349375303243E-7
4.15 1.9479339051689738E-7
4.2 2.8714833380807003E-7
4.25 4.201791693336874E-7
4.3 6.104019353525764E-7
4.3500000000000005 8.804529784525531E-7
4.4 1.2611297229287974E-6
4.45 1.7940308848456469E-6
4.5 2.5349458460108553E-6
4.55 3.5581725328751807E-6
4.6000000000000005 4.9619765735166026E-6
4.65 6.875441705622557E-6
4.7 9.467002203386383E-6
4.75 1.2954992125106374E-5
4.800000000000001 1.7620592890446154E-5
4.8500000000000005 2.3823609275902146E-5
4.9 3.2021553311792506E-5
4.95 4.2792564446633164E-5
5.0 5.686274111314194E-5
5.050000000000001 7.513850161490623E-5
5.1000000000000005 9.874462893757237E-5
5.15 1.29068682345166E-4
5.2 1.678124759620214E-4
5.25 2.1705132838122903E-4
5.300000000000001 2.793017750875536E-4
5.3500000000000005 3.5759840462739045E-4
5.4 4.555804276842182E-4
5.45 5.775885135177007E-4
5.5 7.287723290195613E-4
5.550000000000001 9.152090908992439E-4
5.6000000000000005 0.0011440332908678357
5.65 0.0014235775775320357
5.7 0.0017635245782774659
5.75 0.0021750692218514404
5.800000000000001 0.00267109088072105
5.8500000000000005 0.003266334395583822
5.9 0.003977598777535579
5.95 0.004823932112055977
6.0 0.0058268309195559295
6.050000000000001 0.007010441966688051
6.1000000000000005 0.008401764278258164
6.15 0.010030848878850423
6.2 0.011930993603566845
6.25 0.014138930165634308
6.300000000000001 0.016695000561525213
6.3500000000000005 0.019643319837333573
6.4 0.023031922238066806
6.45 0.02691288781763522
6.5 0.0313424467036198
6.550000000000001 0.03638105838781869
6.6000000000000005 0.04209346364995355
6.65 0.04854870701497073
6.7 0.05582012798971605
6.75 0.06398531971650294
6.800000000000001 0.07312605411196904
6.8500000000000005 0.08332817302117883
6.9 0.09468144539977512
6.95 0.10727939103101154
7.0 0.12121907177920249
7.050000000000001 0.13660085186588325
7.1000000000000005 0.15352812911935515
7.15 0.1721070395823471
7.2 0.1924461382570782
7.25 0.21465605911387522
7.300000000000001 0.23884915778174012
7.3500000000000005 0.2651391405713194
7.4 0.2936406836485669
7.45 0.3244690462785856
7.5 0.35773968209286133
7.550000000000001 0.39356785230016084
7.6000000000000005 0.4320682446640614
7.65 0.4733546019121447
7.7 0.5175393630283098
7.75 0.564733320616512
7.800000000000001 0.61504529721846
7.8500000000000005 0.6685818431270169
7.9 0.7254469578692776
7.95 0.7857418371467861
8.0 0.8495646466233221
8.05 0.9170103235511586
8.1 0.9881704068322396
8.15 1.063132895728401
8.200000000000001 1.1419821370708834
8.25 1.2247987404794651
8.3 1.311659520790236
8.35 1.4026374666119956
8.4 1.4978017336872858
8.450000000000001 1.5972176615269218
8.5 1.7009468116175008
8.55 1.8090470253697768
8.6 1.921572499881249
8.65 2.038573879527434
8.700000000000001 2.160098361371018
8.75 2.2861898123839106
8.8 2.416888896511263
8.85 2.552233209665542
8.9 2.692257420819429
8.950000000000001 2.836993417465159
9.0 2.986470453821435
9.05 3.140715300293966
9.1 3.29975239282854
9.15 3.4636039809335384
9.200000000000001 3.6322902732889015
9.25 3.8058295799984223
9.3 3.98423845067945
9.35 4.167531807716905
9.4 4.35572307413514
9.450000000000001 4.548824295660472
9.5 4.746846256658073
9.55 4.949798589728622
9.600000000000001 5.157689878842282
9.65 5.370527755969869
9.700000000000001 5.588318991243568
9.75 5.811069576742319
9.8 6.038784804050459
9.850000000000001 6.271469335782654
9.9 6.509127271304303
9.950000000000001 6.7517622069048455
10.0 6.999377290702655
