0.0 0.0
0.025 2.4203699467808244E-124
0.05 4.937554691432881E-122
0.07500000000000001 5.048649671990123E-120
0.1 3.449913029563195E-118
0.125 1.7723965221041093E-116
0.15000000000000002 7.3023039644191785E-115
0.17500000000000002 2.51322686645486E-113
0.2 7.432046858005569E-112
0.225 1.927714550374085E-110
0.25 4.455246349745703E-109
0.275 9.289411819798159E-108
0.30000000000000004 1.7650408883857454E-106
0.325 3.0815787847826733E-105
0.35000000000000003 4.978149776513134E-104
0.375 7.485382950451696E-103
0.4 1.0530056861135164E-101
0.42500000000000004 1.3920355634215347E-100
0.45 1.7360828724755391E-99
0.47500000000000003 2.0497186135943316E-98
0.5 2.298063427638158E-97
0.525 2.4534447084369017E-96
0.55 2.5004718049021972E-95
0.5750000000000001 2.4382757638782574E-94
0.6000000000000001 2.279580485605731E-93
0.625 2.0471887644216626E-92
0.65 1.769066654450201E-91
0.675 1.4733541353506473E-90
0.7000000000000001 1.1843703775518434E-89
0.7250000000000001 9.201940020078091E-89
0.75 6.918866020946274E-88
0.775 5.040443043448309E-87
0.8 3.5617340868798585E-86
0.8250000000000001 2.4437868903916706E-85
0.8500000000000001 1.6296579835807474E-84
0.875 1.0572016150903332E-83
0.9 6.677611735103719E-83
0.925 4.109974425265734E-82
0.9500000000000001 2.4668620764132076E-81
0.9750000000000001 1.4449529955044574E-80
1.0 8.26541188945874E-80
1.0250000000000001 4.620200371364819E-79
1.05 2.525295179642708E-78
1.075 1.3504388954737875E-77
1.1 7.069577183660955E-77
1.125 3.6249381824917245E-76
1.1500000000000001 1.8214565947852305E-75
1.175 8.973474728003752E-75
1.2000000000000002 4.336400401175791E-74
1.225 2.0564573335892912E-73
1.25 9.574546337819517E-73
1.2750000000000001 4.3782832023952995E-72
1.3 1.9671996870550594E-71
1.3250000000000002 8.6879450422948E-71
1.35 3.772840270553732E-70
1.375 1.611592451242169E-69
1.4000000000000001 6.773677716815756E-69
1.425 2.8023219065264777E-68
1.4500000000000002 1.1414905295935232E-67
1.475 4.5795120211054883E-67
1.5 1.8100306600761923E-66
1.5250000000000001 7.050102019933856E-66
1.55 2.706863778891133E-65
1.5750000000000002 1.0247402605722866E-64
1.6 3.826033247931366E-64
1.625 1.409220046190607E-63
1.6500000000000001 5.121630251041136E-63
1.675 1.8371217641106412E-62
1.7000000000000002 6.5052780246231085E-62
1.725 2.2745051484080586E-61
1.75 7.85404259138991E-61
1.7750000000000001 2.6790096263726135E-60
1.8 9.028525684451486E-60
1.8250000000000002 3.0068053781180297E-59
1.85 9.897413642815605E-59
1.875 3.220666670114019E-58
1.9000000000000001 1.0362273328381804E-57
1.925 3.297045747862859E-57
1.9500000000000002 1.037597732723327E-56
1.975 3.230268922832999E-56
2.0 9.950012408787246E-56
2.025 3.0328554256667895E-55
2.0500000000000003 9.149325527705232E-55
2.075 2.7321228379828526E-54
2.1 8.076961642429417E-54
2.125 2.364252314805875E-53
2.15 6.853264451708522E-53
2.1750000000000003 1.9675122813499197E-52
2.2 5.5951373572778125E-52
2.225 1.5762790485491465E-51
2.25 4.399860667231093E-51
2.275 1.2169742485486765E-50
2.3000000000000003 3.3358957267859673E-50
2.325 9.063229204586483E-50
2.35 2.44085822273244E-49
2.375 6.5168815299084854E-49
2.4000000000000004 1.7251319130188004E-48
2.4250000000000003 4.5283137655493775E-48
2.45 1.1787669471273182E-47
2.475 3.0432748802082104E-47
2.5 7.793271977796438E-47
2.5250000000000004 1.979733031323536E-46
2.5500000000000003 4.989343668625323E-46
2.575 1.247588042895782E-45
2.6 3.095495368012809E-45
2.625 7.62183705419919E-45
2.6500000000000004 1.8625086875910237E-44
2.6750000000000003 4.51735212913628E-44
2.7 1.0875611513213478E-43
2.725 2.5992253129968443E-43
2.75 6.167233301509251E-43
2.7750000000000004 1.4528743902113795E-42
2.8000000000000003 3.398532113241249E-42
2.825 7.894307637998166E-42
2.85 1.8210807137656537E-41
2.875 4.1722405506745106E-41
2.9000000000000004 9.494375635521852E-41
2.9250000000000003 2.1461089376475886E-40
2.95 4.818991925339891E-40
2.975 1.0750037347377982E-39
3.0 2.3825543384659248E-39
3.0250000000000004 5.246672236852175E-39
3.0500000000000003 1.1480532774996623E-38
3.075 2.496349329703684E-38
3.1 5.39438108591133E-38
3.125 1.1585055358606015E-37
3.1500000000000004 2.472872059659143E-37
3.1750000000000003 5.246607832069078E-37
3.2 1.106508931250786E-36
3.225 2.3198298361065405E-36
3.25 4.8351208029362705E-36
3.2750000000000004 1.0019204171493793E-35
3.3000000000000003 2.0642302283529583E-35
3.325 4.2286912382771487E-35
3.35 8.613909498400999E-35
3.375 1.7448749305328283E-34
3.4000000000000004 3.514963306971332E-34
3.4250000000000003 7.041938966558008E-34
3.45 1.4031393897533649E-33
3.475 2.7807904989913086E-33
3.5 5.4817103915138694E-33
3.5250000000000004 1.0748934395723655E-32
3.5500000000000003 2.0967037830645787E-32
3.575 4.0686619993021683E-32
3.6 7.854693434238398E-32
3.625 1.5086548388413565E-31
3.6500000000000004 2.8830568637848584E-31
3.6750000000000003 5.481993996895015E-31
3.7 1.0372059941394788E-30
3.725 1.9527714223233564E-30
3.75 3.658611416305188E-30
3.7750000000000004 6.821469363690431E-30
3.8000000000000003 1.2657688161325696E-29
3.825 2.3375636845079057E-29
3.85 4.296577571636443E-29
3.875 7.860484488497198E-29
3.9000000000000004 1.4313983026576764E-28
3.9250000000000003 2.5946157417184713E-28
3.95 4.681700046473418E-28
3.975 8.409467668016832E-28
4.0 1.5037789090601488E-27
4.025 2.6771087098392878E-27
4.05 4.744935561679814E-27
4.075 8.37321961037544E-27
4.1000000000000005 1.4711869122224603E-26
4.125 2.5737810065018769E-26
4.15 4.4835154032679424E-26
4.175 7.777210514456194E-26
4.2 1.3433888828431777E-25
4.2250000000000005 2.3108234325877392E-25
4.25 3.958522564553395E-25
4.275 6.75328211399712E-25
4.3 1.1474293368813953E-24
4.325 1.9416905217855556E-24
4.3500000000000005 3.2725826558624974E-24
4.375 5.493778886543972E-24
4.4 9.186178718263162E-24
4.425 1.5300119937908496E-23
4.45 2.5384225865766497E-23
4.4750000000000005 4.1952216935897036E-23
4.5 6.906856356649692E-23
4.525 1.1327991462898398E-22
4.55 1.8509074512659724E-22
4.575 3.0129226020292665E-22
4.6000000000000005 4.886239697854815E-22
4.625 7.8950881643554E-22
4.65 1.2710024657103156E-21
4.675 2.0387061405644866E-21
4.7 3.258316025071913E-21
4.7250000000000005 5.18887838254208E-21
4.75 8.233921954285863E-21
4.775 1.3019793525729278E-20
4.800000000000001 2.051523764766057E-20
4.825 3.2213283895163705E-20
4.8500000000000005 5.0406925780499545E-20
4.875 7.860548320814527E-20
4.9 1.2216124002268984E-19
4.925000000000001 1.8920927137511509E-19
4.95 2.920721206278273E-19
4.9750000000000005 4.493520380437748E-19
5.0 6.890366992451575E-19
5.025 1.053093708127692E-18
5.050000000000001 1.6042446716789667E-18
5.075 2.435919386280267E-18
5.1000000000000005 3.686834412199598E-18
5.125 5.5622738257077585E-18
5.15 8.365051325299765E-18
5.175000000000001 1.2540411077467875E-17
5.2 1.8740931175263952E-17
5.2250000000000005 2.79200381784787E-17
5.25 4.146631361100883E-17
5.275 6.139577212977104E-17
5.300000000000001 9.062626297802887E-17
5.325 1.3336783835277666E-16
5.3500000000000005 1.9567636200007005E-16
5.375 2.8623618004226435E-16
5.4 4.1746321267375203E-16
5.425000000000001 6.070548701939666E-16
5.45 8.801611371998015E-16
5.4750000000000005 1.2724165423256068E-15
5.5 1.8341615964855528E-15
5.525 2.6363027034630203E-15
5.550000000000001 3.7784222189899835E-15
5.575 5.399969400565091E-15
5.6000000000000005 7.69565708877933E-15
5.625 1.0936582576874772E-14
5.65 1.5499116320506264E-14
5.675000000000001 2.1904300762905493E-14
5.7 3.087142805019008E-14
5.7250000000000005 4.339069040295298E-14
5.75 6.082141168550162E-14
5.775 8.502449092139461E-14
5.800000000000001 1.1854046927694617E-13
5.825 1.648282649100401E-13
5.8500000000000005 2.2858435211599436E-13
5.875 3.161683067784274E-13
5.9 4.361685980528476E-13
5.925000000000001 6.001527807767556E-13
5.95 8.236594700295128E-13
5.9750000000000005 1.1275064574285725E-12
6.0 1.5395110589064374E-12
6.025 2.096746515624181E-12
6.050000000000001 2.8484935591856013E-12
6.075 3.860091030272801E-12
6.1000000000000005 5.217946095008346E-12
6.125 7.036036081856818E-12
6.15 9.464323885814321E-12
6.175000000000001 1.2699621695330276E-11
6.2 1.699957891480873E-11
6.2250000000000005 2.2700646187863604E-11
6.25 3.0241086394739E-11
6.275 4.0190375109626016E-11
6.300000000000001 5.328666897331194E-11
6.325 7.048443485168747E-11
6.3500000000000005 9.30148424016604E-11
6.375 1.224621479393215E-10
6.4 1.6086006234915175E-10
6.425000000000001 2.1081302874526436E-10
6.45 2.7564847049947087E-10
6.4750000000000005 3.596074469696333E-10
6.5 4.680828196990732E-10
6.525 6.079160409931948E-10
6.550000000000001 7.877660938460076E-10
6.575 1.0185670119815896E-9
6.6000000000000005 1.3140938780946503E-9
6.625 1.6916613376135613E-9
6.65 2.1729835901855165E-9
6.675000000000001 2.785230664514794E-9
6.7 3.562322696312103E-9
6.7250000000000005 4.546512087460449E-9
6.75 5.790313024271458E-9
6.775 7.358849097181075E-9
6.800000000000001 9.33270294529209E-9
6.825 1.181136722986206E-8
6.8500000000000005 1.4917414138001523E-8
6.875 1.8801521384748948E-8
6.9 2.3648516710582878E-8
6.925000000000001 2.9684630596049814E-8
6.95 3.718617881304759E-8
6.9750000000000005 4.648993302678506E-8
7.0 5.8005479524518184E-8
7.025 7.222991389674493E-8
7.050000000000001 8.976527380325234E-8
7.075 1.1133917353975379E-7
7.1000000000000005 1.3782917374960756E-7
7.125 1.7029149811580744E-7
7.15 2.0999479708285097E-7
7.175000000000001 2.584597574994985E-7
7.2 3.175054674815908E-7
7.2250000000000005 3.893035687387156E-7
7.25 4.764413650811838E-7
7.275 5.819952068280503E-7
7.300000000000001 7.096156373766144E-7
7.325 8.63625971259289E-7
7.3500000000000005 1.0491361735660087E-6
7.375 1.27217412956327E-6
7.4 1.5398366315409325E-6
7.425000000000001 1.8604626681217946E-6
7.45 2.2438318801192885E-6
7.4750000000000005 2.7013913470271327E-6
7.5 3.2465141897040143E-6
7.525 3.89479381790921E-6
7.550000000000001 4.664378015953038E-6
7.575 5.576347445486285E-6
7.6000000000000005 6.655143550704168E-6
7.625 7.929051276989136E-6
7.65 9.430742457902699E-6
7.675000000000001 1.119788618569866E-5
7.7 1.327383295497583E-5
7.7250000000000005 1.5708379855061833E-5
7.75 1.8558624581075696E-5
7.775 2.1889916532695967E-5
7.800000000000001 2.5776913769271036E-5
7.825 3.030475508530859E-5
7.8500000000000005 3.557035695627674E-5
7.875 4.168384557518763E-5
7.9 4.877013464921329E-5
7.925000000000001 5.6970660045666416E-5
7.95 6.644528276061912E-5
7.9750000000000005 7.737437202330835E-5
8.0 8.996108063693715E-5
8.025 1.0443382488280043E-4
8.05 1.21048981470814E-4
8.075000000000001 1.4009381409624844E-4
8.1 1.6188964215037467E-4
8.125 1.8679526402239102E-4
8.15 2.1521064721207443E-4
8.175 2.475808971379421E-4
8.200000000000001 2.844005160655077E-4
8.225 3.262179629861407E-4
8.25 3.736405245413674E-4
8.275 4.2733950620324387E-4
8.3 4.880557518826752E-4
8.325000000000001 5.566054989393049E-4
8.35 6.338865742051681E-4
8.375 7.208849351073756E-4
8.4 8.186815582818881E-4
8.425 9.28459676211862E-4
8.450000000000001 0.0010515123604027624
8.475 0.0011892504474270381
8.5 0.0013432108018402334
8.525 0.001515064907496604
8.55 0.0017066277761864073
8.575000000000001 0.0019198671597919544
8.6 0.002156913049330343
8.625 0.0024200674413347146
8.65 0.002711814349042183
8.675 0.0030348300328265063
8.700000000000001 0.0033919934212602236
8.725 0.0037863966911392244
8.75 0.004221355971778829
8.775 0.004700422135922237
8.8 0.005227391636718318
8.825000000000001 0.00580631734745578
8.85 0.006441519358114916
8.875 0.007137595680346646
8.9 0.007899432810241714
8.925 0.008732216096240298
8.950000000000001 0.009641439857783108
8.975 0.010632917198846637
9.0 0.011712789459364234
9.025 0.012887535246734971
9.05 0.014163978989186332
9.075000000000001 0.015549298952703435
9.1 0.017051034663584198
9.125 0.018677093679438917
9.15 0.020435757652634997
9.175 0.022335687631798464
9.200000000000001 0.024385928549026357
9.225 0.02659591284293595
9.25 0.02897546317057239
9.275 0.03153479416450585
9.3 0.03428451319515809
9.325000000000001 0.03723562010248813
9.35 0.040399505865615984
9.375 0.043787950183743395
9.4 0.04741311794681473
9.425 0.051287554579712236
9.450000000000001 0.055424180249364144
9.475 0.05983628292991984
9.5 0.06453751032707314
9.525 0.06954186066864644
9.55 0.0748636723746422
9.575000000000001 0.08051761262607315
9.600000000000001 0.08651866485795512
9.625 0.09288211520783533
9.65 0.09962353795708814
9.675 0.10675878000789334
9.700000000000001 0.11430394444427208
9.725000000000001 0.12227537323074947
9.75 0.13068962910709922
9.775 0.13956347674216538
9.8 0.14891386321391192
9.825000000000001 0.15875789788659328
9.850000000000001 0.1691128317592351
9.875 0.17999603636244202
9.9 0.19142498228288887
9.925 0.203417217396682
9.950000000000001 0.21599034489409408
9.975000000000001 0.22916200117896415
10.0 0.2429498337263202
