0.0 0.0
0.0125 9.723461371658036E-65
0.025 1.0112399826524358E-62
0.037500000000000006 5.283728909358974E-61
0.05 1.8493148417370128E-59
0.0625 4.87764373808007E-58
0.07500000000000001 1.0340921806805074E-56
0.08750000000000001 1.8356061370119866E-55
0.1 2.8060643635085796E-54
0.1125 3.77103746690469E-53
0.125 4.5258584566407765E-52
0.1375 4.911401352591816E-51
0.15000000000000002 4.867785733665769E-50
0.1625 4.4429929876436465E-49
0.17500000000000002 3.760597750108354E-48
0.1875 2.9692389368985105E-47
0.2 2.198135310493979E-46
0.21250000000000002 1.5325398690648126E-45
0.225 1.0102052367597035E-44
0.23750000000000002 6.317509784115796E-44
0.25 3.759723210827334E-43
0.2625 2.1351917734889607E-42
0.275 1.1600289310275528E-41
0.28750000000000003 6.042691000075843E-41
0.30000000000000004 3.024214973367709E-40
0.3125 1.4569017793465838E-39
0.325 6.76753947691458E-39
0.3375 3.0360060512095393E-38
0.35000000000000003 1.3172909873229119E-37
0.36250000000000004 5.535505337046033E-37
0.375 2.2556759222253856E-36
0.3875 8.923800997419658E-36
0.4 3.431253577617569E-35
0.41250000000000003 1.2836035894245478E-34
0.42500000000000004 4.676294171653133E-34
0.4375 1.6605725246074803E-33
0.45 5.752653835648379E-33
0.4625 1.9457234731972445E-32
0.47500000000000003 6.430210712553104E-32
0.48750000000000004 2.0778366036063754E-31
0.5 6.569527501255986E-31
0.5125000000000001 2.033633548317867E-30
0.525 6.1672604390984726E-30
0.5375 1.8333487147865234E-29
0.55 5.345288167766813E-29
0.5625 1.5293229471380054E-28
0.5750000000000001 4.295835025342008E-28
0.5875 1.185290348531941E-27
0.6000000000000001 3.2138821197403848E-27
0.6125 8.567495077841553E-27
0.625 2.246358829333787E-26
0.6375000000000001 5.795365071045267E-26
0.65 1.4717254673121091E-25
0.6625000000000001 3.6802590396924113E-25
0.675 9.065473096184165E-25
0.6875 2.2004526620389947E-24
0.7000000000000001 5.264854842414377E-24
0.7125 1.242085845627229E-23
0.7250000000000001 2.890284897929371E-23
0.7375 6.635623648374855E-23
0.75 1.5034832378473178E-22
0.7625000000000001 3.362873999750095E-22
0.775 7.4273363864037915E-22
0.7875000000000001 1.6202332603503885E-21
0.8 3.491818931867291E-21
0.8125 7.436350842633315E-21
0.8250000000000001 1.5653192568300288E-20
0.8375 3.2574564106501596E-20
0.8500000000000001 6.703191249940308E-20
0.8625 1.3642805870336675E-19
0.875 2.746843282355566E-19
0.8875000000000001 5.472156460183401E-19
0.9 1.0788507819696926E-18
0.9125000000000001 2.105347955974139E-18
0.925 4.0674765958593605E-18
0.9375 7.781113281209663E-18
0.9500000000000001 1.474173458906452E-17
0.9625 2.7664207831993196E-17
0.9750000000000001 5.143057108462259E-17
0.9875 9.473853761800982E-17
1.0 1.729422780284087E-16
1.0125 3.1290322706220707E-16
1.0250000000000001 5.611988814158116E-16
1.0375 9.978915422752427E-16
1.05 1.7594220242026471E-15
1.0625 3.076349634139497E-15
1.075 5.335040889295314E-15
1.0875000000000001 9.17766536163493E-15
1.1 1.5662957311132052E-14
1.1125 2.652258019180346E-14
1.125 4.4566689240224386E-14
1.1375 7.432047863992715E-14
1.1500000000000001 1.23015522328765E-13
1.1625 2.0212185197055612E-13
1.175 3.2969785425883513E-13
1.1875 5.339676960221467E-13
1.2000000000000002 8.587274769025692E-13
1.2125000000000001 1.371455652850446E-12
1.225 2.1753933044096303E-12
1.2375 3.4274101150620408E-12
1.25 5.364242483409191E-12
1.2625000000000002 8.34076113470151E-12
1.2750000000000001 1.2885403003388478E-11
1.2875 1.9779925330790073E-11
1.3 3.017339027451233E-11
1.3125 4.574400015782597E-11
1.3250000000000002 6.892737688205266E-11
1.3375000000000001 1.032364951093586E-10
1.35 1.5370721757605103E-10
1.3625 2.2751484165208304E-10
1.375 3.3482199096170046E-10
1.3875000000000002 4.899374850032236E-10
1.4000000000000001 7.128906006690542E-10
1.4125 1.0315567371653958E-9
1.425 1.484510504072792E-9
1.4375 2.1248325566798284E-9
1.4500000000000002 3.025159311745311E-9
1.4625000000000001 4.2843425510077886E-9
1.475 6.0361817962270045E-9
1.4875 8.460809549933556E-9
1.5 1.1799451774684798E-8
1.5125000000000002 1.6373457462957644E-8
1.5250000000000001 2.2608696339860955E-8
1.5375 3.106666748873061E-8
1.55 4.2483949115671096E-8
1.5625 5.782195607565448E-8
1.5750000000000002 7.832936253289463E-8
1.5875000000000001 1.0561999749056794E-7
1.6 1.4176953588350392E-7
1.6125 1.8943489195445462E-7
1.625 2.520008784271336E-7
1.6375000000000002 3.337594271715832E-7
1.6500000000000001 4.4012747585200594E-7
1.6625 5.779105099206834E-7
1.675 7.556197076138809E-7
1.6875 9.838516621517752E-7
1.7000000000000002 1.2757407421025597E-6
1.7125000000000001 1.647495286570602E-6
1.725 2.119030001697014E-6
1.7375 2.7147081103047498E-6
1.75 3.464207984782596E-6
1.7625000000000002 4.403530137815657E-6
1.7750000000000001 5.576161525623388E-6
1.7875 7.034415099366484E-6
1.8 8.84096338416472E-6
1.8125 1.1070585530462067E-5
1.8250000000000002 1.3812147725557541E-5
1.8375000000000001 1.7170837028623493E-5
1.85 2.1270668554437174E-5
1.8625 2.6257285433833747E-5
1.875 3.230107007882002E-5
1.8875000000000002 3.9600583936849877E-5
1.9000000000000001 4.8386351096155005E-5
1.9125 5.8924998772726254E-5
1.925 7.152376484787289E-5
1.9375 8.653537922093564E-5
1.9500000000000002 1.0436332179317005E-4
1.9625000000000001 1.2546745541658342E-4
1.975 1.5037002714925473E-4
1.9875 1.7966202569395665E-4
2.0 2.140098770116895E-4
2.0125 2.5416245386249343E-4
2.025 3.009583685133244E-4
2.0375 3.5533351116109473E-4
2.0500000000000003 4.1832878985482476E-4
2.0625 4.91098020981701E-4
2.075 5.749159128340219E-4
2.0875 6.711860785303525E-4
2.1 7.814490087613068E-4
2.1125000000000003 9.073899296055984E-4
2.125 0.0010508464661503304
2.1375 0.0012138160289800982
2.15 0.0013984628378924486
2.1625 0.0016071244955601712
2.1750000000000003 0.0018423180233857978
2.1875 0.002106745272554036
2.2 0.0024032976253360676
2.2125 0.0027350599050648986
2.225 0.003105313417887648
2.2375000000000003 0.003517538055387334
2.25 0.003975413394405604
2.2625 0.004482818738815115
2.275 0.005043832057486973
2.2875 0.0056627277831520295
2.3000000000000003 0.00634397344812077
2.3125 0.007092225144741981
2.325 0.0079123218108667
2.3375 0.008809278353250447
2.35 0.009788277634574733
2.3625000000000003 0.01085466136239567
2.375 0.012013919930630853
2.3875 0.013271681275978026
2.4000000000000004 0.014633698822731427
2.4125 0.01610583859964798
2.4250000000000003 0.01769406562165599
2.4375 0.01940442963715316
2.45 0.02124305034829097
2.4625000000000004 0.023216102216894314
2.475 0.025329798972452106
2.4875000000000003 0.02759037794089434
2.5 0.030004084313631392
2.5125 0.03257715547558436
2.5250000000000004 0.03531580550872133
2.5375 0.038226209983996486
2.5500000000000003 0.041314491149654235
2.5625 0.04458670361771514
2.575 0.04804882064322849
2.5875000000000004 0.05170672108269702
2.6 0.0555661771091012
2.6125000000000003 0.059632842751332155
2.625 0.06391224331574567
2.6375 0.06840976573713745
2.6500000000000004 0.07313064989587431
2.6625 0.07807998092735283
2.6750000000000003 0.08326268253954584
2.6875 0.08868351134427642
2.7 0.09434705219815605
2.7125000000000004 0.1002577145399509
2.725 0.10641972970259743
2.7375000000000003 0.11283714917025602
2.75 0.11951384374373715
2.7625 0.12645350357140694
2.7750000000000004 0.13365963899731112
2.7875 0.14113558217376618
2.8000000000000003 0.1488844893820566
2.8125 0.15690934400213388
2.825 0.16521296007031608
2.8375000000000004 0.17379798636289556
2.85 0.1826669109432376
2.8625000000000003 0.19182206611033373
2.875 0.20126563368780803
2.8875 0.21099965059398992
2.9000000000000004 0.2210260146358012
2.9125 0.231346490471782
2.9250000000000003 0.24196271569253344
2.9375 0.25287620697011143
2.95 0.2640883662313967
2.9625000000000004 0.2756004868141289
2.975 0.2874137595680615
2.9875000000000003 0.2995292788675123
3.0 0.3119480485054041
3.0125 0.32467098744265105
3.0250000000000004 0.3376989353904261
3.0375 0.3510326582063856
3.0500000000000003 0.3646728530893151
3.0625 0.37862015355986256
3.075 0.39287513421802006
3.0875000000000004 0.4074383152707943
3.1 0.4223101668260562
3.1125000000000003 0.43749111295086973
3.125 0.4529815354946837
3.1375 0.4687817776796052
3.1500000000000004 0.48489214746159415
3.1625 0.5013129206678015
3.1750000000000003 0.5180443439164574
3.1875 0.5350866373266864
3.2 0.5524399970264208
3.2125000000000004 0.5701045974671901
3.225 0.588080593555023
3.2375000000000003 0.6063681226070015
3.25 0.6249673061431882
3.2625 0.6438782515237041
3.2750000000000004 0.663101053440698
3.2875 0.6826357952748163
3.3000000000000003 0.7024825503255829
3.3125 0.7226413829248297
3.325 0.7431123494420028
3.3375000000000004 0.7638954991898145
3.35 0.78499087523832
3.3625000000000003 0.8063985151450895
3.375 0.8281184516087218
3.3875 0.8501507130525116
3.4000000000000004 0.8724953241446507
3.4125 0.8951523062609116
3.4250000000000003 0.9181216778953349
3.4375 0.9414034550240369
3.45 0.964997651426848
3.4625000000000004 0.9889042789711152
3.475 1.0131233478616328
3.4875000000000003 1.0376548668603254
3.5 1.0624988434789777
3.5125 1.0876552841480018
3.5250000000000004 1.1131241943639474
3.5375 1.138905578818197
3.5500000000000003 1.1649994415090426
3.5625 1.1914057858391132
3.575 1.2181246146999203
3.5875000000000004 1.24515593054509
3.6 1.2724997354536933
3.6125000000000003 1.3001560311849107
3.625 1.3281248192251416
3.6375 1.356406100828531
3.6500000000000004 1.3849998770517769
3.6625 1.4139061487839726
3.6750000000000003 1.4431249167721554
3.6875 1.472656181643136
3.7 1.5024999439221267
3.7125000000000004 1.5326562040486094
3.725 1.5631249623898291
3.7375000000000003 1.593906219252254
3.75 1.6249999748912902
3.7625 1.6564062295195048
3.7750000000000004 1.6881249833135763
3.7875 1.72015623642016
3.8000000000000003 1.75249998896083
3.8125 1.7851562410362365
3.825 1.8181249927295988
3.8375000000000004 1.8514062441096353
3.85 1.8849999952330165
3.8625000000000003 1.9189062461464181
3.875 1.9531249968882347
3.8875 1.9876562474900088
3.9000000000000004 2.0224999979776213
3.9125 2.0576562483722802
3.9250000000000003 2.0931249986913447
3.9375 2.128906248949003
3.95 2.1649999991568403
3.9625000000000004 2.2014062493243016
3.975 2.2381249994590817
3.9875000000000003 2.2751562495674382
4.0 2.312499999654455
4.0125 2.3501562497242587
4.025 2.3881249997801928
4.0375000000000005 2.426406249824964
4.05 2.464999999860761
4.0625 2.503906249889352
4.075 2.543124999912163
4.0875 2.582656249930343
4.1000000000000005 2.622499999944817
4.1125 2.662656249956328
4.125 2.703124999965473
4.1375 2.7439062499727305
4.15 2.7849999999784845
4.1625000000000005 2.826406249983041
4.175 2.868124999986646
4.1875 2.910156249989495
4.2 2.9524999999917436
4.2125 2.995156249993518
4.2250000000000005 3.0381249999949156
4.2375 3.0814062499960158
4.25 3.1249999999968807
4.2625 3.1689062499975607
4.275 3.2131249999980938
4.2875000000000005 3.257656249998511
4.3 3.302499999998838
4.3125 3.3476562499990936
4.325 3.393124999999293
4.3375 3.4389062499994485
4.3500000000000005 3.4849999999995696
4.3625 3.5314062499996632
4.375 3.5781249999997367
4.3875 3.625156249999793
4.4 3.6724999999998365
4.4125000000000005 3.7201562499998695
4.425 3.7681249999998947
4.4375 3.816406249999914
4.45 3.8649999999999283
4.4625 3.913906249999939
4.4750000000000005 3.963124999999946
4.4875 4.012656249999951
4.5 4.062499999999954
4.5125 4.112656249999956
4.525 4.163124999999958
4.5375000000000005 4.213906249999959
4.55 4.264999999999959
4.5625 4.316406249999958
4.575 4.368124999999958
4.5875 4.420156249999958
4.6000000000000005 4.4724999999999575
4.6125 4.525156249999958
4.625 4.578124999999957
4.6375 4.631406249999957
4.65 4.684999999999957
4.6625000000000005 4.738906249999957
4.675 4.793124999999956
4.6875 4.8476562499999565
4.7 4.902499999999956
4.7125 4.957656249999956
4.7250000000000005 5.013124999999956
4.7375 5.068906249999956
4.75 5.124999999999956
4.7625 5.181406249999956
4.775 5.238124999999956
4.7875000000000005 5.295156249999955
4.800000000000001 5.352499999999956
4.8125 5.410156249999956
4.825 5.468124999999955
4.8375 5.5264062499999556
4.8500000000000005 5.5849999999999556
4.862500000000001 5.643906249999955
4.875 5.703124999999956
4.8875 5.762656249999956
4.9 5.822499999999955
4.9125000000000005 5.882656249999956
4.925000000000001 5.943124999999956
4.9375 6.003906249999956
4.95 6.064999999999956
4.9625 6.126406249999956
4.9750000000000005 6.188124999999956
4.987500000000001 6.250156249999956
5.0 6.3124999999999565
5.0125 6.375156249999956
5.025 6.438124999999957
5.0375000000000005 6.501406249999957
5.050000000000001 6.564999999999957
5.0625 6.628906249999957
5.075 6.693124999999958
5.0875 6.7576562499999575
5.1000000000000005 6.822499999999958
5.112500000000001 6.887656249999958
5.125 6.953124999999958
5.1375 7.018906249999959
5.15 7.084999999999959
5.1625000000000005 7.151406249999959
5.175000000000001 7.21812499999996
5.1875 7.28515624999996
5.2 7.35249999999996
5.2125 7.420156249999961
5.2250000000000005 7.488124999999961
5.237500000000001 7.556406249999961
5.25 7.624999999999962
5.2625 7.693906249999962
5.275 7.763124999999962
5.2875000000000005 7.832656249999964
5.300000000000001 7.902499999999965
5.3125 7.972656249999966
5.325 8.043124999999966
5.3375 8.113906249999967
5.3500000000000005 8.18499999999997
5.362500000000001 8.256406249999971
5.375 8.328124999999972
5.3875 8.400156249999972
5.4 8.472499999999973
5.4125000000000005 8.545156249999975
5.425000000000001 8.618124999999976
5.4375 8.691406249999977
5.45 8.764999999999977
5.4625 8.83890624999998
5.4750000000000005 8.913124999999981
5.487500000000001 8.987656249999983
5.5 9.062499999999984
5.5125 9.137656249999985
5.525 9.213124999999986
5.5375000000000005 9.288906249999988
5.550000000000001 9.36499999999999
5.5625 9.441406249999991
5.575 9.518124999999992
5.5875 9.595156249999993
5.6000000000000005 9.672499999999994
5.612500000000001 9.750156249999996
5.625 9.828124999999998
5.6375 9.90640625
5.65 9.985000000000001
5.6625000000000005 10.063906250000002
5.675000000000001 10.143125000000003
5.6875 10.222656250000005
5.7 10.302500000000007
5.7125 10.382656250000007
5.7250000000000005 10.463125000000009
5.737500000000001 10.54390625000001
5.75 10.62500000000001
5.7625 10.706406250000011
5.775 10.788125000000012
5.7875000000000005 10.870156250000013
5.800000000000001 10.952500000000013
5.8125 11.035156250000014
5.825 11.118125000000015
5.8375 11.201406250000016
5.8500000000000005 11.285000000000016
5.862500000000001 11.368906250000016
5.875 11.453125000000014
5.8875 11.537656250000014
5.9 11.622500000000015
5.9125000000000005 11.707656250000014
5.925000000000001 11.793125000000012
5.9375 11.878906250000014
5.95 11.965000000000012
5.9625 12.051406250000012
5.9750000000000005 12.138125000000013
5.987500000000001 12.22515625000001
6.0 12.31250000000001
6.0125 12.40015625000001
6.025 12.488125000000009
6.0375000000000005 12.576406250000009
6.050000000000001 12.66500000000001
6.0625 12.753906250000009
6.075 12.843125000000008
6.0875 12.93265625000001
6.1000000000000005 13.022500000000008
6.112500000000001 13.112656250000008
6.125 13.203125000000009
6.1375 13.293906250000006
6.15 13.385000000000007
6.1625000000000005 13.476406250000005
6.175000000000001 13.568125000000006
6.1875 13.660156250000005
6.2 13.752500000000003
6.2125 13.84515625
6.2250000000000005 13.938124999999998
6.237500000000001 14.031406249999995
6.25 14.124999999999991
6.2625 14.21890624999999
6.275 14.313124999999983
6.2875000000000005 14.40765624999998
6.300000000000001 14.502499999999975
6.3125 14.59765624999997
6.325 14.693124999999965
6.3375 14.78890624999996
6.3500000000000005 14.884999999999952
6.362500000000001 14.981406249999946
6.375 15.078124999999938
6.3875 15.17515624999993
6.4 15.27249999999992
6.4125000000000005 15.37015624999991
6.425000000000001 15.4681249999999
6.4375 15.566406249999888
6.45 15.664999999999877
6.4625 15.763906249999865
6.4750000000000005 15.863124999999853
6.487500000000001 15.962656249999842
6.5 16.062499999999826
6.5125 16.162656249999813
6.525 16.263124999999803
6.5375000000000005 16.363906249999793
6.550000000000001 16.464999999999776
6.5625 16.566406249999766
6.575 16.66812499999975
6.5875 16.770156249999744
6.6000000000000005 16.872499999999732
6.612500000000001 16.975156249999728
6.625 17.07812499999972
6.6375 17.181406249999718
6.65 17.284999999999712
6.6625000000000005 17.388906249999714
6.675000000000001 17.49312499999971
6.6875 17.59765624999971
6.7 17.70249999999971
6.7125 17.80765624999971
6.7250000000000005 17.91312499999971
6.737500000000001 18.01890624999971
6.75 18.12499999999971
6.7625 18.23140624999971
6.775 18.338124999999714
6.7875000000000005 18.44515624999972
6.800000000000001 18.552499999999732
6.8125 18.660156249999744
6.825 18.768124999999756
6.8375 18.87640624999977
6.8500000000000005 18.98499999999979
6.862500000000001 19.093906249999808
6.875 19.203124999999826
6.8875 19.312656249999847
6.9 19.42249999999987
6.9125000000000005 19.532656249999896
6.925000000000001 19.64312499999992
6.9375 19.753906249999947
6.95 19.864999999999977
6.9625 19.976406250000004
6.9750000000000005 20.088125000000034
6.987500000000001 20.200156250000063
7.0 20.31250000000009
7.0125 20.42515625000011
7.025 20.538125000000136
7.0375000000000005 20.651406250000157
7.050000000000001 20.765000000000175
7.0625 20.878906250000195
7.075 20.993125000000212
7.0875 21.107656250000225
7.1000000000000005 21.22250000000024
7.112500000000001 21.337656250000254
7.125 21.453125000000263
7.1375 21.568906250000275
7.15 21.685000000000283
7.1625000000000005 21.801406250000287
7.175000000000001 21.918125000000295
7.1875 22.0351562500003
7.2 22.1525000000003
7.2125 22.2701562500003
7.2250000000000005 22.3881250000003
7.237500000000001 22.5064062500003
7.25 22.625000000000302
7.2625 22.7439062500003
7.275 22.863125000000302
7.2875000000000005 22.9826562500003
7.300000000000001 23.1025000000003
7.3125 23.222656250000302
7.325 23.343125000000303
7.3375 23.463906250000303
7.3500000000000005 23.585000000000303
7.362500000000001 23.706406250000303
7.375 23.828125000000302
7.3875 23.9501562500003
7.4 24.0725000000003
7.4125000000000005 24.1951562500003
7.425000000000001 24.3181250000003
7.4375 24.441406250000302
7.45 24.565000000000303
7.4625 24.688906250000304
7.4750000000000005 24.8131250000003
7.487500000000001 24.937656250000302
7.5 25.062500000000302
7.5125 25.187656250000305
7.525 25.313125000000305
7.5375000000000005 25.4389062500003
7.550000000000001 25.5650000000003
7.5625 25.6914062500003
7.575 25.8181250000003
7.5875 25.9451562500003
7.6000000000000005 26.072500000000296
7.612500000000001 26.200156250000298
7.625 26.328125000000302
7.6375 26.4564062500003
7.65 26.585000000000303
7.6625000000000005 26.7139062500003
7.675000000000001 26.8431250000003
7.6875 26.972656250000302
7.7 27.102500000000305
7.7125 27.232656250000304
7.7250000000000005 27.363125000000306
7.737500000000001 27.493906250000304
7.75 27.625000000000302
7.7625 27.7564062500003
7.775 27.888125000000297
7.7875000000000005 28.020156250000294
7.800000000000001 28.152500000000284
7.8125 28.285156250000274
7.825 28.418125000000263
7.8375 28.551406250000248
7.8500000000000005 28.685000000000233
7.862500000000001 28.818906250000218
7.875 28.9531250000002
7.8875 29.08765625000018
7.9 29.22250000000016
7.9125000000000005 29.357656250000137
7.925000000000001 29.493125000000113
7.9375 29.62890625000009
7.95 29.76500000000006
7.9625 29.901406250000033
7.9750000000000005 30.038125000000004
7.987500000000001 30.175156249999972
8.0 30.312499999999936
8.012500000000001 30.4501562499999
8.025 30.588124999999863
8.0375 30.726406249999823
8.05 30.864999999999778
8.0625 31.003906249999734
8.075000000000001 31.143124999999685
8.0875 31.282656249999636
8.1 31.42249999999958
8.1125 31.56265624999952
8.125 31.703124999999464
8.137500000000001 31.843906249999403
8.15 31.984999999999335
8.1625 32.12640624999926
8.175 32.268124999999195
8.1875 32.410156249999126
8.200000000000001 32.552499999999064
8.2125 32.69515624999901
8.225 32.83812499999895
8.2375 32.981406249998905
8.25 33.12499999999885
8.262500000000001 33.2689062499988
8.275 33.41312499999875
8.2875 33.55765624999871
8.3 33.70249999999867
8.3125 33.847656249998636
8.325000000000001 33.99312499999861
8.3375 34.138906249998584
8.35 34.28499999999856
8.3625 34.431406249998545
8.375 34.578124999998536
8.387500000000001 34.72515624999853
8.4 34.872499999998524
8.4125 35.02015624999853
8.425 35.16812499999853
8.4375 35.316406249998536
8.450000000000001 35.46499999999854
8.4625 35.61390624999854
8.475 35.763124999998546
8.4875 35.91265624999855
8.5 36.06249999999855
8.512500000000001 36.21265624999855
8.525 36.36312499999855
8.5375 36.51390624999854
8.55 36.664999999998535
8.5625 36.81640624999853
8.575000000000001 36.96812499999853
8.5875 37.12015624999854
8.6 37.27249999999854
8.6125 37.42515624999854
8.625 37.57812499999853
8.637500000000001 37.73140624999853
8.65 37.884999999998534
8.6625 38.03890624999854
8.675 38.19312499999855
8.6875 38.34765624999856
8.700000000000001 38.50249999999857
8.7125 38.65765624999858
8.725 38.8131249999986
8.7375 38.968906249998625
8.75 39.12499999999865
8.762500000000001 39.28140624999868
8.775 39.43812499999872
8.7875 39.59515624999876
8.8 39.752499999998804
8.8125 39.910156249998856
8.825000000000001 40.0681249999989
8.8375 40.22640624999895
8.85 40.384999999998996
8.8625 40.54390624999904
8.875 40.70312499999908
8.887500000000001 40.86265624999912
8.9 41.02249999999916
8.9125 41.1826562499992
8.925 41.34312499999924
8.9375 41.50390624999929
8.950000000000001 41.664999999999324
8.9625 41.82640624999936
8.975 41.9881249999994
8.9875 42.150156249999434
9.0 42.31249999999947
9.012500000000001 42.4751562499995
9.025 42.638124999999526
9.0375 42.80140624999956
9.05 42.96499999999959
9.0625 43.12890624999961
9.075000000000001 43.293124999999634
9.0875 43.457656249999665
9.1 43.62249999999968
9.1125 43.7876562499997
9.125 43.95312499999972
9.137500000000001 44.11890624999974
9.15 44.284999999999755
9.1625 44.45140624999977
9.175 44.61812499999978
9.1875 44.785156249999794
9.200000000000001 44.95249999999981
9.2125 45.12015624999981
9.225 45.288124999999816
9.2375 45.45640624999983
9.25 45.62499999999984
9.262500000000001 45.79390624999984
9.275 45.96312499999984
9.2875 46.13265624999985
9.3 46.30249999999986
9.3125 46.472656249999865
9.325000000000001 46.64312499999987
9.3375 46.81390624999987
9.35 46.98499999999987
9.3625 47.15640624999988
9.375 47.328124999999886
9.387500000000001 47.50015624999989
9.4 47.672499999999886
9.4125 47.84515624999989
9.425 48.0181249999999
9.4375 48.1914062499999
9.450000000000001 48.3649999999999
9.4625 48.53890624999991
9.475 48.71312499999991
9.4875 48.887656249999914
9.5 49.062499999999915
9.512500000000001 49.23765624999992
9.525 49.41312499999993
9.5375 49.58890624999993
9.55 49.76499999999993
9.5625 49.941406249999936
9.575000000000001 50.11812499999994
9.5875 50.29515624999995
9.600000000000001 50.47249999999995
9.6125 50.650156249999945
9.625 50.82812499999994
9.637500000000001 51.00640624999995
9.65 51.18499999999995
9.662500000000001 51.36390624999995
9.675 51.54312499999995
9.6875 51.72265624999995
9.700000000000001 51.902499999999954
9.7125 52.08265624999996
9.725000000000001 52.26312499999995
9.7375 52.44390624999995
9.75 52.62499999999994
9.762500000000001 52.806406249999945
9.775 52.98812499999995
9.787500000000001 53.17015624999994
9.8 53.352499999999935
9.8125 53.535156249999936
9.825000000000001 53.71812499999994
9.8375 53.90140624999994
9.850000000000001 54.08499999999993
9.8625 54.26890624999992
9.875 54.453124999999915
9.887500000000001 54.637656249999914
9.9 54.82249999999991
9.912500000000001 55.007656249999904
9.925 55.193124999999895
9.9375 55.3789062499999
9.950000000000001 55.5649999999999
9.9625 55.75140624999989
9.975000000000001 55.938124999999886
9.9875 56.125156249999876
10.0 56.31249999999987
