0.0 0.0
0.1 8.881784197001254E-18
0.2 2.5757174171303645E-16
0.30000000000000004 3.799183190267286E-15
0.4 3.8000713686869855E-14
0.5 2.899486206686675E-13
0.6000000000000001 1.7999662871304172E-12
0.7000000000000001 9.468952150148981E-12
0.8 4.341253412309955E-11
0.9 1.7705275408980152E-10
1.0 6.524476679412029E-10
1.1 2.199274915211728E-9
1.2000000000000002 6.848708500543229E-9
1.3 1.9864461545721E-8
1.4000000000000001 5.4031878864203607E-8
1.5 1.386264943186263E-7
1.6 3.371536967494747E-7
1.7000000000000002 7.806777992956236E-7
1.8 1.7275123360391484E-6
1.9000000000000001 3.6654393638383685E-6
2.0 7.479545282235385E-6
2.1 1.4717061316090117E-5
2.2 2.7989827331221143E-5
2.3000000000000003 5.156434310844006E-5
2.4000000000000004 9.219764743104358E-5
2.5 1.6028298215639057E-4
2.6 2.7137069857254936E-4
2.7 4.4812553014807844E-4
2.8000000000000003 7.227698669848217E-4
2.9000000000000004 0.001140043258416493
3.0 0.0017606810636111836
3.1 0.002665380925228262
3.2 0.003959186490906713
3.3000000000000003 0.005776176360185738
3.4000000000000004 0.008284306045215382
3.5 0.011690215565018086
3.6 0.01624378881014682
3.7 0.022242236165577457
3.8000000000000003 0.030033471320040576
3.9000000000000004 0.04001856780056129
4.0 0.052653110307257306
4.1000000000000005 0.06844729881453757
4.2 0.08796471689927117
4.3 0.11181973619321948
4.4 0.14067359202470617
4.5 0.1752292268533357
4.6000000000000005 0.216225053900026
4.7 0.26442783991792534
4.800000000000001 0.32062494068666325
4.9 0.3856161439192318
5.0 0.46020538130641053
5.1000000000000005 0.5451925648805251
5.2 0.6413657841490369
5.300000000000001 0.7494940716187507
5.4 0.8703209079570828
5.5 1.004558596891069
5.6000000000000005 1.152883596790004
5.7 1.3159328532679662
5.800000000000001 1.4943011372718884
5.9 1.6885393577219736
6.0 1.8991537880661342
6.1000000000000005 2.12660612280709
6.2 2.3713142633903552
6.300000000000001 2.6336537226206627
6.4 2.9139595324897525
6.5 3.212528541196189
6.6000000000000005 3.529621990314525
6.7 3.865468271556645
6.800000000000001 4.220265773396674
6.9 4.594185740097514
7.0 4.98737507857795
7.1000000000000005 5.399959061417553
7.2 5.832043886573959
7.300000000000001 6.283719065684488
7.4 6.755059622873589
7.5 7.246128094637901
7.6000000000000005 7.756976328579137
7.7 8.287647084527869
7.800000000000001 8.838175446033958
7.9 9.408590053418397
8.0 9.99891417173775
8.1 10.60916660826851
8.200000000000001 11.239362494637204
8.3 11.88951394865785
8.4 12.559630630433029
8.5 13.24972020645355
8.6 13.959788734400792
8.700000000000001 14.689840980203783
8.8 15.439880677699982
8.9 16.209910740049082
9.0 16.999933430892362
9.1 17.809950502163996
9.200000000000001 18.639963304462864
9.3 19.489972874992734
9.4 20.359980007278836
9.5 21.249985306167968
9.600000000000001 22.15998923101285
9.700000000000001 23.08999212942246
9.8 24.039994263520494
9.9 25.009995830285202
10.0 25.99999697723709
